% Run, Mean Detected Norms, Std Dev Mean Detected Norms, Mean Precision, Std Dev Precision, Mean Recall, Std Dev Recall
1 18.0000 0.0000 67.3864 35.9028 31.3750 20.9024
2 18.0000 0.0000 69.1639 26.5248 69.7101 29.7421
3 18.0000 0.0000 58.8441 21.5261 72.8340 23.7778
4 18.0000 0.0000 64.6213 17.2954 77.8137 20.1968
5 18.0000 0.0000 59.9108 15.3838 86.1166 11.2551
6 18.0000 0.0000 62.5539 14.6955 82.6730 10.5593
7 18.0000 0.0000 57.9398 15.8400 85.0348 13.4818
8 18.0000 0.0000 57.4468 15.1963 88.5550 10.5815
9 18.0000 0.0000 58.3957 9.9431 85.7462 13.0967
10 18.0000 0.0000 66.3543 13.0523 88.2937 13.0574
11 18.0000 0.0000 58.4619 12.2406 89.6075 11.0728
12 18.0000 0.0000 66.5876 13.2801 86.5429 11.3975
13 18.0000 0.0000 62.4071 15.2006 84.3236 12.5089
14 17.9500 0.2179 63.4563 13.2236 84.6733 10.6637
15 17.9500 0.2179 62.4698 12.9423 87.7049 11.5548
16 17.9500 0.2179 59.7302 15.8763 86.6869 11.9551
17 17.9500 0.2179 57.7571 15.9899 82.3886 13.4585
18 17.9500 0.2179 62.5907 11.7622 83.6498 12.9449
19 17.9500 0.2179 57.4152 15.3990 79.0499 15.2710
20 18.0000 0.0000 63.7635 12.5471 85.4594 13.3676
21 17.9500 0.2179 61.4468 14.9657 83.6987 13.4765
22 17.9500 0.2179 65.2340 10.0954 90.6699 10.5311
23 17.9500 0.2179 60.6544 10.0855 91.0675 11.4820
24 17.9000 0.3000 66.6775 13.7798 87.5936 11.9207
25 17.9000 0.3000 61.6573 13.7912 86.4328 12.9741
26 17.9000 0.3000 64.5341 13.6744 89.2348 12.6781
27 17.9000 0.3000 60.3381 13.4175 87.0047 12.2093
28 17.9000 0.3000 62.7903 10.1811 84.8621 17.2176
29 17.9000 0.3000 66.5381 12.8676 86.4357 11.3631
30 17.9000 0.3000 65.1721 13.0487 86.1415 13.0182
31 17.9500 0.2179 64.4255 12.6637 87.5001 12.5198
32 17.9000 0.3000 69.6649 10.5476 87.9472 13.6487
33 17.9500 0.2179 57.3880 15.5587 88.5517 7.6899
34 17.9500 0.2179 66.0890 12.4982 85.2044 10.3452
35 17.9500 0.2179 66.1839 12.9678 88.9423 8.8869
36 17.9500 0.2179 63.7965 15.6589 88.2481 11.0260
37 17.9500 0.2179 60.9453 12.7056 85.0813 11.0044
38 17.8500 0.3571 64.6439 13.2703 86.7416 11.7688
39 17.9000 0.3000 62.3652 13.5507 84.0070 9.5688
40 17.9000 0.3000 61.0274 15.1669 83.9062 19.6207
41 17.9500 0.2179 63.3301 11.6411 81.4885 12.7955
42 17.9500 0.2179 64.1852 10.6202 84.2421 9.8313
43 17.9500 0.2179 66.5753 11.5684 87.4420 10.7205
44 17.9000 0.3000 66.0537 8.3170 90.5618 8.5664
45 17.9500 0.2179 65.0440 12.4107 87.1297 13.2854
46 17.8500 0.3571 67.8622 10.4791 91.7338 7.6192
47 17.8500 0.3571 62.7936 9.6125 89.5277 10.5732
48 17.9000 0.3000 67.8322 12.7358 84.6649 12.1317
49 17.9000 0.3000 66.0294 9.9390 89.5861 10.3770
50 17.8500 0.3571 68.0989 11.4515 87.7863 8.9253
51 17.9000 0.3000 64.5079 16.4031 85.3137 12.0282
52 17.9000 0.3000 64.8727 10.9394 86.0081 9.1523
53 17.8500 0.3571 65.6089 10.8792 83.0092 12.6011
54 17.8000 0.4000 58.1393 11.1024 85.3981 13.4370
55 17.8000 0.4000 62.0153 12.6554 85.2491 10.5396
56 17.7500 0.4330 60.1933 14.7961 84.3082 11.0037
57 17.7500 0.4330 63.1959 11.9471 79.6327 11.9130
58 17.7500 0.4330 64.7737 14.1568 82.0555 9.2295
59 17.8500 0.3571 64.7697 16.2371 90.3394 10.8731
60 17.8500 0.3571 59.2377 12.5579 84.7562 13.8601
61 17.9000 0.3000 60.5737 13.0618 86.8975 6.7392
62 17.9000 0.3000 62.9360 14.1487 83.7828 9.9197
63 17.9000 0.3000 70.2089 12.4189 88.0882 11.7966
64 17.9000 0.3000 63.0589 12.2256 85.3130 10.2450
65 17.9000 0.3000 63.9324 12.5307 88.1082 9.6833
66 17.9000 0.3000 64.8099 14.5396 86.2937 10.7686
67 17.9000 0.3000 58.1586 12.7920 89.8710 11.2410
68 17.8000 0.4000 63.1483 11.5703 84.6858 11.5218
69 17.8000 0.4000 64.3139 10.3902 83.1503 10.3627
70 17.8000 0.4000 68.7293 12.7970 88.1085 11.4825
71 17.8000 0.4000 62.1182 12.1123 87.0020 12.2929
72 17.7500 0.4330 61.6598 10.7759 86.5285 14.0779
73 17.7500 0.4330 68.6873 14.0119 84.7600 14.8688
74 17.6500 0.4770 60.6379 10.0755 84.6937 10.7865
75 17.6500 0.4770 61.8258 11.6509 84.1010 12.9876
76 17.6500 0.4770 59.2746 12.0454 83.7828 14.0835
77 17.6500 0.4770 60.0641 12.8561 82.3588 13.1105
78 17.6500 0.4770 63.4592 15.4068 83.7546 9.8246
79 17.6500 0.4770 66.8196 7.4050 86.1747 10.7514
80 17.6500 0.4770 66.7981 14.6545 88.5722 9.6259
81 17.6000 0.4899 63.8498 13.7024 85.7444 13.8221
82 17.6000 0.4899 65.5365 8.6374 84.9771 11.4869
83 17.6000 0.4899 60.3397 13.0875 84.8617 13.6629
84 17.6000 0.4899 61.1417 16.2841 88.4053 11.3289
85 17.6000 0.4899 63.0434 11.3656 87.9677 14.4166
86 17.7000 0.4583 67.3119 12.3386 90.1150 9.1088
87 17.7000 0.4583 66.1167 14.0086 82.3261 16.0743
88 17.7000 0.4583 62.6829 12.1563 85.4754 11.7774
89 17.7000 0.4583 66.8417 10.7579 87.0191 7.6157
90 17.6500 0.4770 59.8005 12.9553 89.4902 10.5476
91 17.6500 0.4770 60.6274 16.6634 81.1875 14.5255
92 17.6500 0.4770 62.5706 13.6260 85.6900 7.7571
93 17.6500 0.4770 64.9631 9.9208 88.0082 9.0454
94 17.6500 0.4770 60.0683 12.9173 84.8006 13.4003
95 17.6500 0.4770 66.2714 15.8112 84.8080 11.4234
96 17.6000 0.4899 73.4580 13.3072 90.6099 7.5645
97 17.6000 0.4899 66.2559 12.8951 83.7854 12.8278
98 17.6000 0.4899 65.5365 17.1368 90.8099 10.9880
99 17.6500 0.4770 64.1316 11.5893 87.4374 9.4915
100 17.6500 0.4770 64.3353 12.3381 86.8284 16.0265
