% Run, Mean Detected Norms, Std Dev Mean Detected Norms, Mean Precision, Std Dev Precision, Mean Recall, Std Dev Recall
1 18.0000 0.0000 35.1340 35.0126 22.9788 23.2654
2 18.0000 0.0000 57.4461 39.3257 26.0492 22.5552
3 18.0000 0.0000 32.7378 33.0461 36.3924 38.5389
4 18.0000 0.0000 50.5384 33.2577 43.5227 31.8853
5 17.9500 0.2179 61.7169 26.4010 50.8753 30.0059
6 17.9000 0.3000 51.7766 27.2710 66.2443 28.6610
7 17.9500 0.2179 58.4256 20.6579 69.1229 26.0891
8 17.9500 0.2179 55.6805 24.6468 70.3088 29.1603
9 17.9500 0.2179 57.9517 23.0097 71.3445 27.4280
10 18.0000 0.0000 52.0506 20.2530 69.3724 28.5031
11 18.0000 0.0000 56.7623 17.9871 72.3545 23.9796
12 17.9500 0.2179 62.9094 12.6424 76.5780 14.8684
13 18.0000 0.0000 51.6975 15.0833 74.5715 21.3427
14 18.0000 0.0000 58.7040 20.8645 71.8826 23.1098
15 18.0000 0.0000 63.5985 20.8399 73.9790 24.4579
16 17.9500 0.2179 57.7662 19.2596 73.0018 28.3162
17 17.9500 0.2179 54.4440 17.8255 76.9026 20.4184
18 17.9500 0.2179 51.7835 18.5589 73.3184 20.7757
19 17.9500 0.2179 56.8304 19.2284 74.2210 21.2784
20 17.9500 0.2179 55.4718 18.5984 70.5605 22.3587
21 17.9000 0.3000 49.6363 18.3100 74.3036 18.9769
22 17.9000 0.3000 66.1708 11.0635 80.3198 14.7913
23 17.8500 0.3571 58.5912 11.9404 75.3811 16.1243
24 17.9000 0.3000 58.4423 11.2766 76.0507 13.9758
25 17.9500 0.2179 60.1286 14.6179 76.1084 16.2933
26 17.9500 0.2179 57.9155 14.5669 79.1089 12.1931
27 17.9500 0.2179 56.6796 14.6594 78.8277 11.5609
28 17.9500 0.2179 59.3479 13.4663 78.2094 12.6930
29 17.9500 0.2179 58.6412 14.4995 74.7563 15.2731
30 17.9000 0.3000 57.5828 11.2303 78.8733 12.3679
31 17.9000 0.3000 57.3895 10.2219 77.7614 8.9575
32 17.9000 0.3000 57.1902 13.6297 72.1496 14.1964
33 17.9000 0.3000 55.7996 9.6273 75.7358 16.0216
34 17.9000 0.3000 51.7842 16.4674 67.8303 17.8513
35 17.9500 0.2179 60.0268 13.7588 72.7886 9.4102
36 17.9500 0.2179 60.3800 10.8452 72.9998 10.9966
37 17.9500 0.2179 55.2363 12.4087 70.1064 15.0830
38 17.9500 0.2179 64.1423 10.3525 81.4270 11.5940
39 17.9500 0.2179 57.8268 12.5362 77.9935 16.8201
40 18.0000 0.0000 56.6425 13.4639 75.0669 15.9507
41 17.9500 0.2179 58.2089 14.0522 76.0408 17.7491
42 17.9500 0.2179 58.2052 11.9517 82.2215 13.9325
43 17.9500 0.2179 63.6364 15.9654 76.3719 16.3450
44 17.9500 0.2179 57.0993 8.0792 78.6232 10.7849
45 17.9500 0.2179 60.9048 9.6209 80.4231 11.3845
46 17.9500 0.2179 63.9779 12.4023 78.0979 13.3594
47 17.9500 0.2179 66.2877 13.6285 76.8686 13.3128
48 17.9500 0.2179 57.8605 12.0955 79.2134 10.5640
49 17.9500 0.2179 59.8035 14.1346 79.3335 18.7622
50 18.0000 0.0000 60.5059 15.0926 77.6557 13.9649
51 18.0000 0.0000 62.1905 13.7376 74.8318 10.1850
52 18.0000 0.0000 58.3825 15.2480 76.0440 18.1208
53 18.0000 0.0000 56.0072 14.1067 72.5026 17.4790
54 18.0000 0.0000 57.7633 14.1411 80.3611 12.8341
55 18.0000 0.0000 61.2972 9.7771 80.0383 13.7693
56 18.0000 0.0000 53.0724 12.1740 72.8689 16.1421
57 18.0000 0.0000 58.7694 9.9014 75.2417 11.9709
58 18.0000 0.0000 63.0578 12.7398 75.7974 12.2106
59 18.0000 0.0000 60.8548 15.0975 79.0451 10.6202
60 18.0000 0.0000 55.4614 12.8645 77.4905 11.4587
61 18.0000 0.0000 62.5983 10.6280 77.1129 11.0272
62 18.0000 0.0000 62.5977 9.3344 80.8977 13.3668
63 18.0000 0.0000 58.0727 14.4357 80.3180 12.1881
64 18.0000 0.0000 60.9147 12.5058 75.4643 13.6439
65 18.0000 0.0000 58.4479 12.9035 78.4726 12.6143
66 18.0000 0.0000 55.2345 12.7309 80.9934 12.0171
67 18.0000 0.0000 57.9362 13.7649 76.9622 12.5293
68 18.0000 0.0000 56.9468 10.3667 77.1543 13.8159
69 18.0000 0.0000 60.0821 13.9179 75.4271 12.0380
70 18.0000 0.0000 58.2691 11.4408 79.2557 12.8274
71 18.0000 0.0000 55.9071 11.9010 78.9587 10.2734
72 18.0000 0.0000 57.7604 12.7723 76.2408 14.7293
73 18.0000 0.0000 59.0534 14.4073 78.6300 14.1641
74 18.0000 0.0000 57.3196 11.7012 78.1558 9.3069
75 18.0000 0.0000 56.7746 9.2242 78.6263 13.5674
76 18.0000 0.0000 60.1773 10.2772 79.0265 13.1148
77 18.0000 0.0000 59.5811 13.7087 81.7560 9.3203
78 18.0000 0.0000 58.3440 10.9709 81.8921 11.4946
79 18.0000 0.0000 57.1929 14.7314 76.6829 15.5699
80 18.0000 0.0000 57.4654 17.2441 79.8294 15.6512
81 18.0000 0.0000 58.5648 11.8337 80.1516 13.6606
82 18.0000 0.0000 56.7168 15.2858 79.7840 12.7369
83 18.0000 0.0000 58.2674 12.2050 83.2032 15.5741
84 18.0000 0.0000 59.1220 12.9732 75.4523 14.3663
85 18.0000 0.0000 62.5119 14.5626 83.2929 13.4031
86 18.0000 0.0000 57.5891 10.5814 77.9583 15.4541
87 18.0000 0.0000 60.8632 8.2585 81.3996 13.3613
88 18.0000 0.0000 56.7016 13.1120 81.4447 13.1074
89 18.0000 0.0000 56.1190 15.9173 78.7421 14.6800
90 18.0000 0.0000 59.8037 11.1249 81.9442 12.6840
91 18.0000 0.0000 57.2813 9.7720 78.2293 12.9692
92 18.0000 0.0000 62.8506 14.5688 81.3059 12.1189
93 18.0000 0.0000 59.4123 14.3661 85.5640 12.6008
94 18.0000 0.0000 59.6665 11.5520 86.4043 9.5429
95 18.0000 0.0000 58.8533 11.5948 77.0635 13.5948
96 18.0000 0.0000 57.6022 15.5828 78.7330 13.0995
97 18.0000 0.0000 57.3527 14.1885 76.8204 15.2769
98 18.0000 0.0000 57.5321 14.0902 79.8916 14.1184
99 18.0000 0.0000 59.1313 12.7028 77.9688 13.6731
100 18.0000 0.0000 60.5543 15.2098 80.5469 11.6306
