% Run, Mean Detected Norms, Std Dev Mean Detected Norms, Mean Precision, Std Dev Precision, Mean Recall, Std Dev Recall
1 18.0000 0.0000 58.4840 34.0900 34.7715 30.5654
2 18.0000 0.0000 57.2098 27.9376 62.4195 30.8954
3 18.0000 0.0000 65.8412 17.9176 66.4372 31.3586
4 18.0000 0.0000 64.4101 20.3359 77.8194 26.4752
5 18.0000 0.0000 54.5823 14.5986 82.3400 15.7774
6 18.0000 0.0000 58.8568 13.0645 88.6758 9.6320
7 18.0000 0.0000 59.6692 14.5101 82.6470 13.3503
8 18.0000 0.0000 58.1065 12.7283 86.0767 10.4387
9 18.0000 0.0000 63.6222 12.1921 85.2500 12.4516
10 18.0000 0.0000 55.6390 11.2683 82.4102 16.9326
11 18.0000 0.0000 61.5054 11.5665 78.3319 12.6883
12 17.9500 0.2179 55.3062 16.2396 82.1699 10.5347
13 17.9500 0.2179 56.4975 13.6931 82.7711 17.7660
14 17.9500 0.2179 67.9613 13.1290 82.3162 12.3353
15 18.0000 0.0000 58.5728 13.4826 87.9786 9.5810
16 17.9500 0.2179 60.1971 18.2244 84.7356 11.1588
17 17.9500 0.2179 62.4185 11.5547 85.4765 13.1916
18 17.9500 0.2179 60.7713 13.8944 83.5456 11.0379
19 17.9500 0.2179 59.7633 10.0398 82.3041 14.1632
20 18.0000 0.0000 62.3404 10.9018 81.0346 12.5017
21 17.9500 0.2179 59.9086 11.4207 76.5828 16.6572
22 17.9500 0.2179 57.0118 11.7139 81.4808 11.6010
23 17.9500 0.2179 63.2898 11.0215 85.7170 12.4714
24 17.9500 0.2179 62.6062 10.3684 86.5757 13.2928
25 17.9500 0.2179 61.9684 11.8181 81.0079 10.5414
26 17.9000 0.3000 61.1305 12.5259 82.4193 12.6730
27 17.8500 0.3571 57.4722 13.5183 78.0224 14.0674
28 17.8000 0.4000 65.2987 10.8127 80.9267 10.9011
29 17.7000 0.4583 59.2803 16.0720 81.6460 12.1952
30 17.7000 0.4583 62.7614 13.2298 82.8517 11.0368
31 17.7500 0.4330 62.8583 14.4356 78.7973 12.1399
32 17.7500 0.4330 57.4503 12.0359 83.4451 12.5059
33 17.8000 0.4000 63.2865 11.8879 84.1836 9.3263
34 17.8000 0.4000 64.4679 15.0893 82.2701 12.7162
35 17.7500 0.4330 54.8149 13.0338 80.9692 14.1604
36 17.7500 0.4330 60.5230 13.3191 76.9556 13.5634
37 17.7000 0.4583 66.6118 12.9015 83.4916 10.0792
38 17.7000 0.4583 61.2885 11.9104 78.2419 15.4800
39 17.7500 0.4330 62.2595 9.4797 81.0787 13.4733
40 17.8000 0.4000 62.0372 17.5447 80.8803 10.0907
41 17.8000 0.4000 56.3882 11.5305 83.3442 12.7206
42 17.8000 0.4000 61.9066 16.3525 79.2075 15.8472
43 17.8000 0.4000 58.7653 10.8152 77.8370 16.4586
44 17.7500 0.4330 64.8384 14.0446 80.8498 11.0976
45 17.8000 0.4000 56.2428 12.1437 78.1220 12.7046
46 17.8000 0.4000 63.6776 10.6997 76.5337 12.2927
47 17.8000 0.4000 61.9144 9.5370 86.3714 11.1881
48 17.8500 0.3571 59.3068 12.3281 81.7186 14.6331
49 17.9000 0.3000 66.7541 14.1456 83.6205 10.3855
50 17.8500 0.3571 68.8179 14.7948 88.6709 7.6062
51 17.7500 0.4330 61.4699 12.0666 84.9299 10.7727
52 17.6500 0.4770 61.4465 10.8921 84.1257 14.4419
53 17.6500 0.4770 62.7445 15.2461 78.2576 13.5302
54 17.6500 0.4770 62.3177 7.9843 85.4883 10.4323
55 17.7000 0.4583 62.0021 8.1363 79.2645 11.6340
56 17.6500 0.4770 62.8942 13.5049 78.8494 13.0593
57 17.6500 0.4770 61.4707 11.8613 82.1559 8.8121
58 17.6500 0.4770 64.5034 13.5532 82.7177 11.9013
59 17.7000 0.4583 65.5130 11.9144 84.5911 12.1739
60 17.7500 0.4330 60.2085 11.9413 79.6071 11.5827
61 17.7000 0.4583 57.4993 13.9576 77.8059 12.1365
62 17.8000 0.4000 64.5554 12.3013 81.0990 9.7546
63 17.7500 0.4330 55.9514 13.1508 79.5306 14.7048
64 17.7500 0.4330 59.5961 13.7706 80.0991 12.2834
65 17.8000 0.4000 60.1737 15.2559 82.0483 17.6010
66 17.7500 0.4330 63.7858 12.3203 78.1158 10.8111
67 17.7500 0.4330 55.6659 13.6191 82.1173 13.2076
68 17.7500 0.4330 62.3360 9.2517 81.8875 9.0253
69 17.7500 0.4330 64.3739 12.8319 80.9097 13.8598
70 17.7500 0.4330 64.5405 13.9266 76.5797 15.7132
71 17.8000 0.4000 61.0555 11.6646 81.8260 10.3185
72 17.9000 0.3000 58.5185 10.6573 80.4527 7.0964
73 17.8500 0.3571 62.5321 12.3980 82.6060 13.3430
74 17.9000 0.3000 56.6147 13.2697 80.0414 12.7578
75 17.9000 0.3000 60.7908 12.6541 80.0105 14.9362
76 17.9000 0.3000 61.9942 14.5546 84.5829 9.8001
77 17.9000 0.3000 63.6803 16.8892 79.7398 10.4886
78 17.9000 0.3000 62.0294 14.1950 81.3780 15.0325
79 17.9000 0.3000 53.1265 18.1217 75.2046 14.5250
80 17.8500 0.3571 62.5814 13.3840 85.1824 11.5043
81 17.9000 0.3000 65.4185 8.6538 80.6775 13.1512
82 17.9000 0.3000 60.6805 14.6239 81.5118 10.8810
83 17.8500 0.3571 60.9480 14.9627 76.7224 11.8275
84 17.8500 0.3571 60.5082 13.5948 82.9025 7.8053
85 17.8500 0.3571 61.3584 9.5215 75.7400 11.0586
86 17.9000 0.3000 58.9550 12.3700 82.9139 11.9802
87 17.9000 0.3000 65.4156 12.5215 81.2159 9.8013
88 17.9000 0.3000 58.5690 16.3194 78.9954 15.2124
89 17.9000 0.3000 60.0865 10.8416 88.9284 9.1769
90 17.9000 0.3000 61.9618 12.6515 83.1897 13.0385
91 17.9000 0.3000 62.0442 12.6199 86.9442 11.0636
92 17.9000 0.3000 62.4453 11.5127 81.3809 14.6201
93 17.9500 0.2179 65.9642 13.6572 83.8057 15.3120
94 17.9500 0.2179 58.4838 11.2265 85.4753 14.9064
95 17.9500 0.2179 58.8750 13.6052 84.3317 9.9555
96 17.9500 0.2179 57.6185 16.8753 76.8344 21.0812
97 17.9000 0.3000 64.5636 14.6077 79.1363 12.3212
98 17.8500 0.3571 59.9547 15.7583 77.0514 11.6549
99 17.8500 0.3571 61.0304 10.4634 85.3288 11.0773
100 17.8000 0.4000 63.4232 13.6850 82.3240 11.8968
