% Run, Mean Detected Norms, Std Dev Mean Detected Norms, Mean Precision, Std Dev Precision, Mean Recall, Std Dev Recall
1 18.0000 0.0000 56.2808 33.1318 38.9946 30.0306
2 18.0000 0.0000 60.4397 19.0681 65.8395 29.3556
3 18.0000 0.0000 53.2742 10.3881 81.4902 19.5448
4 18.0000 0.0000 57.3436 11.0036 90.6585 8.4647
5 18.0000 0.0000 59.3357 13.1923 88.0406 9.7492
6 18.0000 0.0000 55.4097 10.1765 91.5025 10.3073
7 18.0000 0.0000 53.2521 8.2205 88.0152 12.9574
8 18.0000 0.0000 57.4232 10.3603 92.1604 10.4377
9 18.0000 0.0000 61.7859 13.3630 92.4815 8.3078
10 18.0000 0.0000 62.7868 11.6623 92.4669 7.2114
11 18.0000 0.0000 63.5002 12.3656 92.3005 9.6835
12 18.0000 0.0000 55.0103 11.9480 90.0875 9.6587
13 18.0000 0.0000 60.6004 12.7254 92.8045 8.0913
14 18.0000 0.0000 63.8160 10.8940 94.9856 9.4815
15 18.0000 0.0000 61.9572 12.0109 94.4981 8.9023
16 18.0000 0.0000 60.5599 11.5963 92.3672 10.5816
17 18.0000 0.0000 63.4324 9.5638 95.7762 7.1929
18 18.0000 0.0000 65.4567 11.9050 95.2666 6.4916
19 18.0000 0.0000 65.0333 11.9390 93.2830 8.3106
20 18.0000 0.0000 58.3141 12.6067 93.1418 9.7207
21 18.0000 0.0000 57.2193 12.9498 91.4983 9.5636
22 18.0000 0.0000 64.1975 14.6070 96.1236 7.0492
23 18.0000 0.0000 65.9309 10.2233 93.9800 7.3660
24 18.0000 0.0000 63.7764 11.8723 92.2718 12.2646
25 18.0000 0.0000 63.4341 13.4874 96.1117 7.6793
26 18.0000 0.0000 65.2211 9.0924 95.4924 7.3077
27 18.0000 0.0000 64.9797 12.2367 95.1293 7.3552
28 18.0000 0.0000 66.9562 11.3781 96.6306 6.1638
29 18.0000 0.0000 66.8056 13.3466 94.9672 9.3965
30 18.0000 0.0000 64.4190 12.4978 96.5278 5.9729
31 18.0000 0.0000 70.9097 11.1531 97.0487 7.2659
32 18.0000 0.0000 67.3244 12.3863 97.1010 5.6889
33 18.0000 0.0000 63.9731 13.2230 96.3727 6.3016
34 18.0000 0.0000 65.9745 12.3736 94.7100 7.7054
35 18.0000 0.0000 67.6615 15.7420 95.2738 8.8782
36 18.0000 0.0000 69.0759 12.4641 97.2169 5.0295
37 18.0000 0.0000 64.6817 9.0562 97.8916 4.4136
38 18.0000 0.0000 62.2404 11.2894 95.9429 6.9367
39 18.0000 0.0000 68.9579 8.1547 97.7821 5.6505
40 18.0000 0.0000 62.0620 13.6996 97.8441 3.8150
41 18.0000 0.0000 67.7367 11.1239 97.3297 4.8772
42 18.0000 0.0000 61.7845 10.3344 97.7500 4.5346
43 18.0000 0.0000 64.2806 10.2265 95.9242 7.7046
44 18.0000 0.0000 64.1655 11.4919 95.2875 7.4502
45 18.0000 0.0000 65.6339 13.4029 98.6053 3.3643
46 18.0000 0.0000 66.1167 10.6690 94.8810 8.1712
47 18.0000 0.0000 68.6179 11.7597 97.7792 4.8250
48 18.0000 0.0000 66.7916 14.0239 98.3974 4.8120
49 18.0000 0.0000 67.2555 10.5859 97.9286 6.2184
50 18.0000 0.0000 66.4182 8.1217 98.5000 3.5707
51 18.0000 0.0000 66.0958 13.1684 99.1429 2.6108
52 18.0000 0.0000 69.3512 11.9901 96.7100 6.6931
53 18.0000 0.0000 66.9891 8.3183 99.0455 2.8672
54 18.0000 0.0000 63.4528 13.3420 97.2169 5.6536
55 18.0000 0.0000 61.8535 10.4419 98.4659 4.6891
56 18.0000 0.0000 66.5986 9.9768 98.8141 2.8254
57 18.0000 0.0000 66.2569 11.6357 96.6416 7.4653
58 18.0000 0.0000 68.0681 12.8163 97.6263 8.1642
59 18.0000 0.0000 66.4117 12.4619 97.2500 6.9776
60 18.0000 0.0000 68.7412 12.1924 98.1507 4.7160
61 18.0000 0.0000 64.7508 8.6006 98.5354 4.5339
62 18.0000 0.0000 66.4982 9.9904 99.0455 2.8672
63 18.0000 0.0000 69.2770 10.7445 99.0455 2.8672
64 18.0000 0.0000 66.2662 9.7206 98.9899 3.0471
65 18.0000 0.0000 64.0939 15.1347 98.0714 6.4882
66 18.0000 0.0000 64.0218 10.4813 99.6154 1.6765
67 18.0000 0.0000 64.8342 12.5251 97.8571 6.8139
68 18.0000 0.0000 69.0836 9.4512 98.5354 4.5339
69 18.0000 0.0000 69.0387 13.6006 98.6364 4.3361
70 18.0000 0.0000 70.3841 13.2621 98.8889 4.8432
71 18.0000 0.0000 64.7745 13.4992 99.0455 2.8672
72 18.0000 0.0000 70.3014 10.4985 98.7500 5.4486
73 18.0000 0.0000 70.7169 8.2779 99.1667 3.6324
74 18.0000 0.0000 68.0414 11.1958 99.1667 3.6324
75 18.0000 0.0000 68.0209 9.8751 99.4444 2.4216
76 17.9500 0.2179 66.5200 11.7420 99.5833 1.8162
77 17.9500 0.2179 68.3293 10.6494 99.5455 1.9813
78 17.9500 0.2179 67.3002 11.6807 100.0000 0.0000
79 17.9500 0.2179 70.4494 10.3834 99.6429 1.5567
80 17.9500 0.2179 65.3548 11.0935 100.0000 0.0000
81 17.9500 0.2179 67.2943 14.8440 99.2308 3.3530
82 17.9500 0.2179 69.2956 10.8723 100.0000 0.0000
83 17.9500 0.2179 66.7628 9.6194 100.0000 0.0000
84 17.9500 0.2179 64.8040 9.5843 98.8889 4.8432
85 18.0000 0.0000 70.3784 11.3434 100.0000 0.0000
86 18.0000 0.0000 68.2780 11.6662 100.0000 0.0000
87 18.0000 0.0000 68.4439 14.1336 100.0000 0.0000
88 18.0000 0.0000 65.5819 13.1947 100.0000 0.0000
89 18.0000 0.0000 70.3294 12.5383 100.0000 0.0000
90 18.0000 0.0000 66.1876 12.9875 100.0000 0.0000
91 18.0000 0.0000 66.2048 11.7709 99.5455 1.9813
92 18.0000 0.0000 70.8372 12.5297 99.6429 1.5567
93 18.0000 0.0000 75.1803 10.0592 99.5000 2.1794
94 18.0000 0.0000 66.8550 13.4429 99.0000 4.3589
95 18.0000 0.0000 67.1477 8.7438 100.0000 0.0000
96 18.0000 0.0000 72.3739 11.0260 99.2857 3.1135
97 18.0000 0.0000 63.8630 11.6172 100.0000 0.0000
98 18.0000 0.0000 69.2961 11.1849 99.6875 1.3622
99 18.0000 0.0000 66.2598 15.5111 99.5455 1.9813
100 18.0000 0.0000 66.7758 9.4183 97.8419 5.2191
