% Run, Mean Detected Norms, Std Dev Mean Detected Norms, Mean Precision, Std Dev Precision, Mean Recall, Std Dev Recall
1 30.0000 0.0000 60.0000 48.9898 8.9322 9.3855
2 28.2000 1.6310 65.0000 47.6970 11.9547 11.9966
3 27.8500 1.5898 10.0000 30.0000 2.5000 7.9495
4 27.3500 1.7965 0.0000 0.0000 0.0000 0.0000
5 27.4500 1.5961 0.0000 0.0000 0.0000 0.0000
6 27.8500 1.7685 0.0000 0.0000 0.0000 0.0000
7 27.7000 2.3685 0.0000 0.0000 0.0000 0.0000
8 27.6000 2.4372 0.0000 0.0000 0.0000 0.0000
9 27.6500 2.0316 0.0000 0.0000 0.0000 0.0000
10 27.1500 1.4586 0.0000 0.0000 0.0000 0.0000
11 27.4000 1.4967 0.0000 0.0000 0.0000 0.0000
12 26.2000 1.6613 0.0000 0.0000 0.0000 0.0000
13 26.7000 1.6763 0.0000 0.0000 0.0000 0.0000
14 27.0500 1.4309 0.0000 0.0000 0.0000 0.0000
15 26.5000 1.9621 0.0000 0.0000 0.0000 0.0000
16 25.9500 2.2017 0.0000 0.0000 0.0000 0.0000
17 26.5500 1.9868 0.0000 0.0000 0.0000 0.0000
18 26.2500 2.2555 0.0000 0.0000 0.0000 0.0000
19 26.3000 2.0518 0.0000 0.0000 0.0000 0.0000
20 26.1500 1.9818 0.0000 0.0000 0.0000 0.0000
21 25.9500 2.2243 0.0000 0.0000 0.0000 0.0000
22 25.9500 2.3764 0.0000 0.0000 0.0000 0.0000
23 25.7000 2.5120 0.0000 0.0000 0.0000 0.0000
24 25.6500 2.6129 0.0000 0.0000 0.0000 0.0000
25 25.5500 2.5783 0.0000 0.0000 0.0000 0.0000
26 25.3500 2.3297 0.0000 0.0000 0.0000 0.0000
27 25.4500 1.8296 0.0000 0.0000 0.0000 0.0000
28 25.3500 1.7400 0.0000 0.0000 0.0000 0.0000
29 25.2000 1.8330 0.0000 0.0000 0.0000 0.0000
30 25.4500 1.5644 0.0000 0.0000 0.0000 0.0000
31 25.4000 1.6248 0.0000 0.0000 0.0000 0.0000
32 25.2000 1.6613 0.0000 0.0000 0.0000 0.0000
33 25.0500 1.6576 0.0000 0.0000 0.0000 0.0000
34 25.0500 1.3955 0.0000 0.0000 0.0000 0.0000
35 25.1500 1.6210 0.0000 0.0000 0.0000 0.0000
36 25.1500 1.6515 0.0000 0.0000 0.0000 0.0000
37 25.1000 1.4107 0.0000 0.0000 0.0000 0.0000
38 25.2000 1.2884 0.0000 0.0000 0.0000 0.0000
39 25.1000 1.2207 0.0000 0.0000 0.0000 0.0000
40 25.2000 1.2884 0.0000 0.0000 0.0000 0.0000
41 25.2000 1.4000 0.0000 0.0000 0.0000 0.0000
42 25.2000 1.4697 0.0000 0.0000 0.0000 0.0000
43 25.2000 1.4353 0.0000 0.0000 0.0000 0.0000
44 25.2000 1.4697 0.0000 0.0000 0.0000 0.0000
45 25.2500 1.4448 0.0000 0.0000 0.0000 0.0000
46 25.3000 1.3820 0.0000 0.0000 0.0000 0.0000
47 25.3000 1.3820 0.0000 0.0000 0.0000 0.0000
48 25.1500 1.4925 0.0000 0.0000 0.0000 0.0000
49 24.9500 1.1169 0.0000 0.0000 0.0000 0.0000
50 24.9500 1.2031 0.0000 0.0000 0.0000 0.0000
51 25.0000 1.2247 0.0000 0.0000 0.0000 0.0000
52 25.1500 1.1522 0.0000 0.0000 0.0000 0.0000
53 25.1000 1.0909 0.0000 0.0000 0.0000 0.0000
54 25.1000 1.1790 0.0000 0.0000 0.0000 0.0000
55 25.0000 1.1402 0.0000 0.0000 0.0000 0.0000
56 24.7000 1.1000 0.0000 0.0000 0.0000 0.0000
57 24.7500 1.1779 0.0000 0.0000 0.0000 0.0000
58 24.9000 1.1790 0.0000 0.0000 0.0000 0.0000
59 24.8000 1.1225 0.0000 0.0000 0.0000 0.0000
60 24.8000 1.1662 0.0000 0.0000 0.0000 0.0000
61 24.7000 1.3077 0.0000 0.0000 0.0000 0.0000
62 24.7000 1.1874 0.0000 0.0000 0.0000 0.0000
63 24.6500 1.1522 0.0000 0.0000 0.0000 0.0000
64 24.6000 1.1136 0.0000 0.0000 0.0000 0.0000
65 24.7000 1.1000 0.0000 0.0000 0.0000 0.0000
66 24.7500 1.2196 0.0000 0.0000 0.0000 0.0000
67 24.9000 1.3000 0.0000 0.0000 0.0000 0.0000
68 24.9500 1.4992 0.0000 0.0000 0.0000 0.0000
69 24.9500 1.5322 0.0000 0.0000 0.0000 0.0000
70 24.9500 1.4309 0.0000 0.0000 0.0000 0.0000
71 25.0000 1.4832 0.0000 0.0000 0.0000 0.0000
72 24.9000 1.4799 0.0000 0.0000 0.0000 0.0000
73 25.0000 1.3784 0.0000 0.0000 0.0000 0.0000
74 25.1000 1.3000 0.0000 0.0000 0.0000 0.0000
75 24.8500 1.3883 0.0000 0.0000 0.0000 0.0000
76 24.8500 1.3883 0.0000 0.0000 0.0000 0.0000
77 24.8500 1.4586 0.0000 0.0000 0.0000 0.0000
78 24.7500 1.3739 0.0000 0.0000 0.0000 0.0000
79 24.7000 1.3454 0.0000 0.0000 0.0000 0.0000
80 24.6500 1.3883 0.0000 0.0000 0.0000 0.0000
81 24.7500 1.3370 0.0000 0.0000 0.0000 0.0000
82 24.8500 1.3519 0.0000 0.0000 0.0000 0.0000
83 25.0000 1.2649 0.0000 0.0000 0.0000 0.0000
84 25.0000 1.3784 0.0000 0.0000 0.0000 0.0000
85 24.9000 1.3379 0.0000 0.0000 0.0000 0.0000
86 24.8500 1.3519 0.0000 0.0000 0.0000 0.0000
87 24.9500 1.3955 0.0000 0.0000 0.0000 0.0000
88 24.9500 1.3955 0.0000 0.0000 0.0000 0.0000
89 24.8500 1.4586 0.0000 0.0000 0.0000 0.0000
90 24.9500 1.3955 0.0000 0.0000 0.0000 0.0000
91 24.7500 1.4448 0.0000 0.0000 0.0000 0.0000
92 24.8500 1.4239 0.0000 0.0000 0.0000 0.0000
93 24.9000 1.3748 0.0000 0.0000 0.0000 0.0000
94 24.7500 1.3370 0.0000 0.0000 0.0000 0.0000
95 24.9000 1.3000 0.0000 0.0000 0.0000 0.0000
96 24.9000 1.2610 0.0000 0.0000 0.0000 0.0000
97 24.8500 1.1948 0.0000 0.0000 0.0000 0.0000
98 24.7000 1.2689 0.0000 0.0000 0.0000 0.0000
99 24.6500 1.1948 0.0000 0.0000 0.0000 0.0000
100 24.6500 1.2359 0.0000 0.0000 0.0000 0.0000
