% Run, Mean Detected Norms, Std Dev Mean Detected Norms, Mean Precision, Std Dev Precision, Mean Recall, Std Dev Recall
1 30.0000 0.0000 40.0000 48.9898 6.5142 10.2031
2 26.8000 1.6310 48.3333 48.8478 7.4207 8.0632
3 26.9000 2.0712 8.3333 25.5495 1.3258 4.2712
4 27.6500 2.4955 0.0000 0.0000 0.0000 0.0000
5 27.2500 2.3848 0.0000 0.0000 0.0000 0.0000
6 27.1000 2.1886 0.0000 0.0000 0.0000 0.0000
7 27.3500 2.2644 0.0000 0.0000 0.0000 0.0000
8 26.8000 2.8036 0.0000 0.0000 0.0000 0.0000
9 26.3500 2.6129 0.0000 0.0000 0.0000 0.0000
10 26.5000 2.0125 0.0000 0.0000 0.0000 0.0000
11 27.0500 2.0851 0.0000 0.0000 0.0000 0.0000
12 26.6500 2.1278 0.0000 0.0000 0.0000 0.0000
13 26.4500 2.2467 0.0000 0.0000 0.0000 0.0000
14 26.0000 2.7386 0.0000 0.0000 0.0000 0.0000
15 26.1500 2.7253 0.0000 0.0000 0.0000 0.0000
16 26.2000 2.4413 0.0000 0.0000 0.0000 0.0000
17 26.0000 2.3238 0.0000 0.0000 0.0000 0.0000
18 25.5000 2.3345 0.0000 0.0000 0.0000 0.0000
19 25.4500 2.2688 0.0000 0.0000 0.0000 0.0000
20 25.1500 2.3932 0.0000 0.0000 0.0000 0.0000
21 25.1500 2.2422 0.0000 0.0000 0.0000 0.0000
22 25.2500 2.3425 0.0000 0.0000 0.0000 0.0000
23 25.1500 2.0803 0.0000 0.0000 0.0000 0.0000
24 25.0500 2.2243 0.0000 0.0000 0.0000 0.0000
25 24.8500 2.1042 0.0000 0.0000 0.0000 0.0000
26 24.8000 2.5219 0.0000 0.0000 0.0000 0.0000
27 24.9500 2.3974 0.0000 0.0000 0.0000 0.0000
28 24.8000 2.5020 0.0000 0.0000 0.0000 0.0000
29 24.8000 2.4617 0.0000 0.0000 0.0000 0.0000
30 24.8500 2.4346 0.0000 0.0000 0.0000 0.0000
31 24.8500 2.3722 0.0000 0.0000 0.0000 0.0000
32 25.0000 2.3664 0.0000 0.0000 0.0000 0.0000
33 24.8500 2.0069 0.0000 0.0000 0.0000 0.0000
34 24.5500 2.1089 0.0000 0.0000 0.0000 0.0000
35 24.4500 2.0609 0.0000 0.0000 0.0000 0.0000
36 24.2000 1.9131 0.0000 0.0000 0.0000 0.0000
37 24.2500 1.9717 0.0000 0.0000 0.0000 0.0000
38 24.1500 1.7110 0.0000 0.0000 0.0000 0.0000
39 24.1500 1.8782 0.0000 0.0000 0.0000 0.0000
40 24.0500 1.8567 0.0000 0.0000 0.0000 0.0000
41 24.3000 1.7916 0.0000 0.0000 0.0000 0.0000
42 24.1500 1.7965 0.0000 0.0000 0.0000 0.0000
43 24.2500 1.8675 0.0000 0.0000 0.0000 0.0000
44 24.2500 1.8675 0.0000 0.0000 0.0000 0.0000
45 23.9500 1.5322 0.0000 0.0000 0.0000 0.0000
46 23.7000 1.6763 0.0000 0.0000 0.0000 0.0000
47 23.4500 1.5322 0.0000 0.0000 0.0000 0.0000
48 23.3500 1.4925 0.0000 0.0000 0.0000 0.0000
49 23.3000 1.4526 0.0000 0.0000 0.0000 0.0000
50 23.5000 1.6583 0.0000 0.0000 0.0000 0.0000
51 23.2500 1.6394 0.0000 0.0000 0.0000 0.0000
52 23.3500 1.4925 0.0000 0.0000 0.0000 0.0000
53 23.3500 1.4925 0.0000 0.0000 0.0000 0.0000
54 23.3000 1.3454 0.0000 0.0000 0.0000 0.0000
55 23.3000 1.2689 0.0000 0.0000 0.0000 0.0000
56 23.2000 1.2884 0.0000 0.0000 0.0000 0.0000
57 22.9500 1.1608 0.0000 0.0000 0.0000 0.0000
58 23.0000 1.1832 0.0000 0.0000 0.0000 0.0000
59 22.9000 1.2610 0.0000 0.0000 0.0000 0.0000
60 22.9000 1.2610 0.0000 0.0000 0.0000 0.0000
61 23.0000 1.1832 0.0000 0.0000 0.0000 0.0000
62 23.0500 1.1608 0.0000 0.0000 0.0000 0.0000
63 22.8500 1.1522 0.0000 0.0000 0.0000 0.0000
64 22.8500 1.1522 0.0000 0.0000 0.0000 0.0000
65 22.8500 0.9631 0.0000 0.0000 0.0000 0.0000
66 22.9500 0.9734 0.0000 0.0000 0.0000 0.0000
67 23.0000 1.0000 0.0000 0.0000 0.0000 0.0000
68 23.0500 1.2031 0.0000 0.0000 0.0000 0.0000
69 23.0500 1.1169 0.0000 0.0000 0.0000 0.0000
70 23.0500 1.1169 0.0000 0.0000 0.0000 0.0000
71 23.0500 1.1169 0.0000 0.0000 0.0000 0.0000
72 23.1000 1.1358 0.0000 0.0000 0.0000 0.0000
73 23.1000 1.0909 0.0000 0.0000 0.0000 0.0000
74 23.1500 1.1079 0.0000 0.0000 0.0000 0.0000
75 23.1500 1.1079 0.0000 0.0000 0.0000 0.0000
76 23.0500 0.9734 0.0000 0.0000 0.0000 0.0000
77 23.0000 0.8944 0.0000 0.0000 0.0000 0.0000
78 23.0500 0.9206 0.0000 0.0000 0.0000 0.0000
79 23.0000 1.0000 0.0000 0.0000 0.0000 0.0000
80 23.0500 1.0235 0.0000 0.0000 0.0000 0.0000
81 23.1000 0.9434 0.0000 0.0000 0.0000 0.0000
82 23.1500 0.9097 0.0000 0.0000 0.0000 0.0000
83 23.1500 0.9097 0.0000 0.0000 0.0000 0.0000
84 23.1000 0.9950 0.0000 0.0000 0.0000 0.0000
85 23.1000 0.9950 0.0000 0.0000 0.0000 0.0000
86 23.0500 1.0712 0.0000 0.0000 0.0000 0.0000
87 23.0500 1.0712 0.0000 0.0000 0.0000 0.0000
88 23.0500 1.0712 0.0000 0.0000 0.0000 0.0000
89 23.0500 1.0712 0.0000 0.0000 0.0000 0.0000
90 23.1000 1.0909 0.0000 0.0000 0.0000 0.0000
91 23.0000 1.0954 0.0000 0.0000 0.0000 0.0000
92 23.0000 1.0954 0.0000 0.0000 0.0000 0.0000
93 23.0500 1.0235 0.0000 0.0000 0.0000 0.0000
94 23.0500 1.0235 0.0000 0.0000 0.0000 0.0000
95 23.1000 0.9950 0.0000 0.0000 0.0000 0.0000
96 23.1000 0.9950 0.0000 0.0000 0.0000 0.0000
97 23.0000 0.8944 0.0000 0.0000 0.0000 0.0000
98 23.0000 0.8944 0.0000 0.0000 0.0000 0.0000
99 23.0500 0.9206 0.0000 0.0000 0.0000 0.0000
100 23.0500 0.9734 0.0000 0.0000 0.0000 0.0000
