% Run, Mean Detected Norms, Std Dev Mean Detected Norms, Mean Precision, Std Dev Precision, Mean Recall, Std Dev Recall
1 18.0000 0.0000 59.1129 34.0903 30.4088 19.0672
2 18.0000 0.0000 61.1307 17.6667 72.0466 28.4780
3 18.0000 0.0000 55.8042 15.6501 87.5659 16.9861
4 18.0000 0.0000 56.5368 13.6486 88.5766 13.7915
5 18.0000 0.0000 54.1802 13.0978 84.0036 13.0498
6 18.0000 0.0000 59.2491 14.9384 88.4427 13.1121
7 18.0000 0.0000 63.0139 14.7165 85.1706 15.9154
8 18.0000 0.0000 60.5585 15.9291 87.5672 13.7543
9 18.0000 0.0000 64.7127 14.7752 87.6198 12.4209
10 18.0000 0.0000 64.7766 13.9150 94.3280 8.3891
11 18.0000 0.0000 66.4869 15.0890 85.7421 15.9808
12 18.0000 0.0000 65.7815 16.7475 90.2358 13.0823
13 18.0000 0.0000 62.2463 11.2095 92.7302 9.0731
14 18.0000 0.0000 64.4569 11.0030 90.5555 9.1949
15 18.0000 0.0000 60.2704 11.2689 95.4781 5.9308
16 18.0000 0.0000 63.3386 10.8893 94.9398 5.9337
17 18.0000 0.0000 67.0336 12.4252 94.3487 9.5370
18 18.0000 0.0000 62.5957 10.9896 93.5152 8.1985
19 18.0000 0.0000 61.6199 7.9728 94.9466 6.8199
20 18.0000 0.0000 66.4942 10.6276 98.2955 5.6988
21 18.0000 0.0000 65.0169 9.2282 94.5894 6.4342
22 18.0000 0.0000 61.8146 13.0212 92.6810 10.2862
23 18.0000 0.0000 69.7272 12.3056 97.7994 3.9033
24 18.0000 0.0000 64.9779 14.9600 96.6012 5.6819
25 18.0000 0.0000 64.4001 12.1931 96.1730 6.0487
26 18.0000 0.0000 62.1201 10.1843 95.5393 8.6393
27 18.0000 0.0000 62.5394 14.2160 98.3725 4.2392
28 18.0000 0.0000 67.3353 10.5358 95.0979 9.1648
29 18.0000 0.0000 69.2713 10.8569 94.7235 6.4582
30 18.0000 0.0000 61.3941 14.5848 94.0059 8.5219
31 18.0000 0.0000 64.3737 8.2244 94.2106 7.7976
32 18.0000 0.0000 65.2199 13.7767 97.1686 5.2922
33 18.0000 0.0000 66.0502 12.1143 94.7726 7.9887
34 18.0000 0.0000 66.4866 12.5658 91.7410 11.1442
35 18.0000 0.0000 62.5407 9.6538 91.4153 11.9590
36 18.0000 0.0000 63.6006 12.3458 94.7100 6.9471
37 18.0000 0.0000 63.8500 10.2773 96.3195 5.8973
38 18.0000 0.0000 63.7821 11.0543 96.2222 5.3415
39 18.0000 0.0000 65.7426 11.9306 96.5455 5.9167
40 18.0000 0.0000 68.7115 12.6933 96.9697 5.5295
41 18.0000 0.0000 64.0235 12.4293 92.9159 10.3519
42 18.0000 0.0000 66.8274 12.0451 97.6190 4.3246
43 18.0000 0.0000 64.3687 12.7446 97.4675 4.5077
44 18.0000 0.0000 63.9994 13.2686 94.4722 11.9289
45 17.9500 0.2179 65.9535 11.6818 95.6297 7.7156
46 17.9500 0.2179 69.2608 9.9815 97.2159 5.8268
47 18.0000 0.0000 63.3139 13.4145 99.1608 2.5272
48 18.0000 0.0000 66.4226 13.4086 98.0714 6.4882
49 18.0000 0.0000 64.5566 9.8042 97.5000 8.8741
50 18.0000 0.0000 66.0727 14.1989 99.5455 1.9813
51 18.0000 0.0000 70.5313 12.9777 97.8409 6.5664
52 18.0000 0.0000 68.3763 13.5749 96.4205 8.0082
53 18.0000 0.0000 69.0527 15.4337 99.0000 4.3589
54 18.0000 0.0000 67.1165 14.8954 98.1667 5.5252
55 18.0000 0.0000 70.9496 12.5242 99.1608 2.5272
56 18.0000 0.0000 68.5717 13.7465 99.6667 1.4530
57 18.0000 0.0000 66.3254 11.6739 100.0000 0.0000
58 18.0000 0.0000 71.9477 10.5303 99.1667 2.5000
59 18.0000 0.0000 69.5824 12.5169 100.0000 0.0000
60 18.0000 0.0000 66.6272 12.2728 98.0808 4.8115
61 18.0000 0.0000 65.1018 12.6882 98.4659 4.6891
62 17.9500 0.2179 67.1074 11.9164 98.5714 3.6422
63 17.9500 0.2179 69.8656 9.3652 98.6742 3.1590
64 17.9500 0.2179 68.7477 10.4431 98.3275 3.3523
65 17.9500 0.2179 68.9056 12.2596 97.2854 6.8251
66 17.9500 0.2179 64.4853 11.5552 98.0357 6.1315
67 17.9500 0.2179 65.4693 8.6497 97.9798 6.0942
68 18.0000 0.0000 68.9771 13.3157 100.0000 0.0000
69 18.0000 0.0000 66.6987 12.5690 98.9011 3.4576
70 18.0000 0.0000 71.7947 11.0493 98.6364 4.3361
71 18.0000 0.0000 69.3355 13.5617 98.6154 4.5871
72 18.0000 0.0000 65.8585 10.4631 98.5909 3.3584
73 18.0000 0.0000 67.5909 12.7252 98.5165 4.4539
74 18.0000 0.0000 70.3734 10.5698 99.0000 4.3589
75 18.0000 0.0000 69.3756 11.4676 99.0909 3.9626
76 18.0000 0.0000 66.8406 10.1969 98.7338 4.1805
77 18.0000 0.0000 67.1180 12.1226 100.0000 0.0000
78 18.0000 0.0000 66.4221 10.9947 100.0000 0.0000
79 18.0000 0.0000 66.6390 11.4435 98.6154 4.5871
80 18.0000 0.0000 63.4508 14.5075 100.0000 0.0000
81 18.0000 0.0000 67.3999 16.6183 100.0000 0.0000
82 18.0000 0.0000 68.2408 9.3077 100.0000 0.0000
83 18.0000 0.0000 65.6492 12.8455 99.0000 4.3589
84 18.0000 0.0000 62.2655 12.6313 99.6429 1.5567
85 18.0000 0.0000 68.2711 8.4883 98.7302 3.8425
86 18.0000 0.0000 68.9292 10.5676 98.5000 6.5383
87 18.0000 0.0000 67.6424 8.9675 99.6154 1.6765
88 18.0000 0.0000 66.6951 11.2385 98.6154 4.5871
89 18.0000 0.0000 63.2692 9.4781 99.0278 2.9496
90 18.0000 0.0000 68.6671 9.6289 100.0000 0.0000
91 18.0000 0.0000 66.3433 12.0189 98.8736 3.6217
92 18.0000 0.0000 69.0884 11.5225 98.2955 5.6988
93 18.0000 0.0000 63.3127 15.6025 99.3750 2.7243
94 18.0000 0.0000 63.0911 11.6723 99.5000 2.1794
95 18.0000 0.0000 69.8376 10.4600 99.5000 2.1794
96 18.0000 0.0000 67.9837 11.5619 99.0909 3.9626
97 18.0000 0.0000 65.2470 11.0080 100.0000 0.0000
98 18.0000 0.0000 64.7840 11.4827 100.0000 0.0000
99 18.0000 0.0000 69.7353 7.7369 99.1667 3.6324
100 18.0000 0.0000 72.7692 7.7944 99.1667 3.6324
