% Run, Mean Detected Norms, Std Dev Mean Detected Norms, Mean Precision, Std Dev Precision, Mean Recall, Std Dev Recall
1 7.3000 2.1237 30.0000 45.8258 5.2202 9.0291
2 9.4500 2.6921 55.0000 49.7494 11.2020 14.6771
3 11.7500 3.4333 35.0000 47.6970 6.2585 10.2192
4 11.8000 3.4583 35.0000 47.6970 7.2772 11.3370
5 11.7500 3.2538 15.0000 35.7071 1.3712 3.2748
6 12.0500 3.6671 10.0000 30.0000 1.1688 3.6014
7 12.7500 3.8843 25.0000 43.3013 2.9225 6.0617
8 11.6000 3.9674 20.0000 40.0000 3.7581 8.3599
9 12.8500 4.3391 15.0000 35.7071 1.5989 3.9505
10 13.4500 3.8402 10.0000 30.0000 1.2662 4.1805
11 14.3000 4.3829 10.0000 30.0000 3.3571 12.5298
12 14.5500 4.3986 5.0000 21.7945 0.5556 2.4216
13 14.9500 4.3758 0.0000 0.0000 0.0000 0.0000
14 14.8500 4.3735 10.0000 30.0000 2.0202 6.0942
15 15.2000 4.2849 5.0000 21.7945 0.3846 1.6765
16 15.4000 4.0792 5.0000 21.7945 0.8333 3.6324
17 15.7000 4.0386 0.0000 0.0000 0.0000 0.0000
18 15.7000 4.0386 10.0000 30.0000 0.7879 2.3945
19 16.0500 3.8272 5.0000 21.7945 1.0000 4.3589
20 16.4500 3.3388 5.0000 21.7945 0.9091 3.9626
21 16.5500 3.4128 5.0000 21.7945 0.5556 2.4216
22 16.5000 3.3838 5.0000 21.7945 1.4286 6.2270
23 17.4000 3.9421 0.0000 0.0000 0.0000 0.0000
24 17.7000 3.9000 0.0000 0.0000 0.0000 0.0000
25 17.7000 3.9000 0.0000 0.0000 0.0000 0.0000
26 18.1500 4.2576 5.0000 21.7945 0.3846 1.6765
27 17.8500 4.1143 0.0000 0.0000 0.0000 0.0000
28 17.8500 4.1143 5.0000 21.7945 0.6250 2.7243
29 17.8000 4.0939 5.0000 21.7945 0.4545 1.9813
30 17.8000 4.0939 5.0000 21.7945 1.1538 5.0295
31 17.8000 4.0939 5.0000 21.7945 0.4167 1.8162
32 18.0500 3.5422 0.0000 0.0000 0.0000 0.0000
33 18.2500 3.1761 0.0000 0.0000 0.0000 0.0000
34 18.2500 3.1761 0.0000 0.0000 0.0000 0.0000
35 18.2500 3.1761 0.0000 0.0000 0.0000 0.0000
36 18.2000 3.1559 0.0000 0.0000 0.0000 0.0000
37 18.2000 3.1559 0.0000 0.0000 0.0000 0.0000
38 19.0000 2.9496 0.0000 0.0000 0.0000 0.0000
39 19.4000 3.3076 0.0000 0.0000 0.0000 0.0000
40 19.6000 3.2772 0.0000 0.0000 0.0000 0.0000
41 19.8000 3.5299 0.0000 0.0000 0.0000 0.0000
42 19.7000 3.3779 0.0000 0.0000 0.0000 0.0000
43 19.7000 3.3779 0.0000 0.0000 0.0000 0.0000
44 20.0000 3.4785 0.0000 0.0000 0.0000 0.0000
45 20.5000 3.5000 0.0000 0.0000 0.0000 0.0000
46 20.5000 3.5000 0.0000 0.0000 0.0000 0.0000
47 20.2500 3.4911 0.0000 0.0000 0.0000 0.0000
48 20.1500 3.5535 0.0000 0.0000 0.0000 0.0000
49 19.9000 3.4482 0.0000 0.0000 0.0000 0.0000
50 19.9000 3.5057 0.0000 0.0000 0.0000 0.0000
51 19.4000 3.2156 0.0000 0.0000 0.0000 0.0000
52 19.4500 3.0737 0.0000 0.0000 0.0000 0.0000
53 19.8000 3.1241 0.0000 0.0000 0.0000 0.0000
54 19.7000 3.0838 0.0000 0.0000 0.0000 0.0000
55 19.3500 2.8509 0.0000 0.0000 0.0000 0.0000
56 19.5500 3.2783 0.0000 0.0000 0.0000 0.0000
57 19.6000 3.2619 0.0000 0.0000 0.0000 0.0000
58 19.8000 3.2802 0.0000 0.0000 0.0000 0.0000
59 19.8000 3.2802 0.0000 0.0000 0.0000 0.0000
60 19.8500 3.3358 0.0000 0.0000 0.0000 0.0000
61 19.8500 3.3358 0.0000 0.0000 0.0000 0.0000
62 19.8500 3.3358 0.0000 0.0000 0.0000 0.0000
63 19.5500 3.3087 0.0000 0.0000 0.0000 0.0000
64 19.3500 3.2753 0.0000 0.0000 0.0000 0.0000
65 19.0500 2.9065 0.0000 0.0000 0.0000 0.0000
66 19.0500 2.9065 0.0000 0.0000 0.0000 0.0000
67 19.3500 2.8156 0.0000 0.0000 0.0000 0.0000
68 19.7000 2.8478 0.0000 0.0000 0.0000 0.0000
69 19.6000 2.9052 0.0000 0.0000 0.0000 0.0000
70 20.0500 2.9065 0.0000 0.0000 0.0000 0.0000
71 19.7500 2.9644 0.0000 0.0000 0.0000 0.0000
72 19.7500 2.9644 0.0000 0.0000 0.0000 0.0000
73 19.1500 2.3511 0.0000 0.0000 0.0000 0.0000
74 19.2500 2.2995 0.0000 0.0000 0.0000 0.0000
75 19.3500 2.3722 0.0000 0.0000 0.0000 0.0000
76 19.0500 1.7741 0.0000 0.0000 0.0000 0.0000
77 19.0500 1.7741 0.0000 0.0000 0.0000 0.0000
78 19.0500 1.7741 0.0000 0.0000 0.0000 0.0000
79 18.9500 1.8296 0.0000 0.0000 0.0000 0.0000
80 18.9500 1.8296 0.0000 0.0000 0.0000 0.0000
81 19.0500 1.7741 0.0000 0.0000 0.0000 0.0000
82 19.2500 2.0706 0.0000 0.0000 0.0000 0.0000
83 19.4500 2.1325 0.0000 0.0000 0.0000 0.0000
84 19.3500 2.1042 0.0000 0.0000 0.0000 0.0000
85 19.2500 2.1651 0.0000 0.0000 0.0000 0.0000
86 19.2500 2.1651 0.0000 0.0000 0.0000 0.0000
87 19.2000 2.1817 0.0000 0.0000 0.0000 0.0000
88 19.2000 2.1817 0.0000 0.0000 0.0000 0.0000
89 19.1000 2.1424 0.0000 0.0000 0.0000 0.0000
90 19.3500 2.1743 0.0000 0.0000 0.0000 0.0000
91 19.2500 2.2776 0.0000 0.0000 0.0000 0.0000
92 18.9500 2.0118 0.0000 0.0000 0.0000 0.0000
93 18.9500 2.0118 0.0000 0.0000 0.0000 0.0000
94 19.2500 2.4057 0.0000 0.0000 0.0000 0.0000
95 18.7500 1.8941 0.0000 0.0000 0.0000 0.0000
96 18.5500 1.8567 0.0000 0.0000 0.0000 0.0000
97 18.7500 1.9969 0.0000 0.0000 0.0000 0.0000
98 18.7500 1.9969 0.0000 0.0000 0.0000 0.0000
99 18.8000 1.9647 0.0000 0.0000 0.0000 0.0000
100 18.8000 1.9647 0.0000 0.0000 0.0000 0.0000
