% Run, Mean Detected Norms, Std Dev Mean Detected Norms, Mean Precision, Std Dev Precision, Mean Recall, Std Dev Recall
1 30.0000 0.0000 80.0000 40.0000 14.8230 11.6509
2 27.3500 1.7110 70.0000 45.8258 8.4385 6.2252
3 27.4000 1.8547 10.0000 30.0000 1.5000 4.7697
4 27.8000 2.1587 0.0000 0.0000 0.0000 0.0000
5 27.2000 1.9900 0.0000 0.0000 0.0000 0.0000
6 27.1000 2.0712 0.0000 0.0000 0.0000 0.0000
7 28.0500 1.5644 0.0000 0.0000 0.0000 0.0000
8 27.6500 1.5256 0.0000 0.0000 0.0000 0.0000
9 27.1500 1.8782 0.0000 0.0000 0.0000 0.0000
10 27.3500 2.5744 0.0000 0.0000 0.0000 0.0000
11 26.8000 2.5020 0.0000 0.0000 0.0000 0.0000
12 26.9500 2.1325 0.0000 0.0000 0.0000 0.0000
13 26.4000 2.1772 0.0000 0.0000 0.0000 0.0000
14 26.3000 2.7404 0.0000 0.0000 0.0000 0.0000
15 26.4500 2.2017 0.0000 0.0000 0.0000 0.0000
16 25.8000 1.8601 0.0000 0.0000 0.0000 0.0000
17 25.7500 1.7571 0.0000 0.0000 0.0000 0.0000
18 25.7000 2.3896 0.0000 0.0000 0.0000 0.0000
19 25.4000 2.4372 0.0000 0.0000 0.0000 0.0000
20 25.7000 2.2383 0.0000 0.0000 0.0000 0.0000
21 25.8500 2.0561 0.0000 0.0000 0.0000 0.0000
22 26.0000 1.8708 0.0000 0.0000 0.0000 0.0000
23 25.7000 1.9519 0.0000 0.0000 0.0000 0.0000
24 25.5500 1.6875 0.0000 0.0000 0.0000 0.0000
25 25.2500 2.0218 0.0000 0.0000 0.0000 0.0000
26 25.1000 2.0224 0.0000 0.0000 0.0000 0.0000
27 25.0500 1.9358 0.0000 0.0000 0.0000 0.0000
28 24.9000 2.1424 0.0000 0.0000 0.0000 0.0000
29 25.0000 2.4495 0.0000 0.0000 0.0000 0.0000
30 24.9000 2.5080 0.0000 0.0000 0.0000 0.0000
31 24.9000 2.4062 0.0000 0.0000 0.0000 0.0000
32 24.7500 2.1418 0.0000 0.0000 0.0000 0.0000
33 24.6000 2.1307 0.0000 0.0000 0.0000 0.0000
34 24.6000 2.1772 0.0000 0.0000 0.0000 0.0000
35 24.2500 1.9717 0.0000 0.0000 0.0000 0.0000
36 24.3000 1.7916 0.0000 0.0000 0.0000 0.0000
37 23.9500 1.5322 0.0000 0.0000 0.0000 0.0000
38 23.8000 1.8055 0.0000 0.0000 0.0000 0.0000
39 23.9000 1.9723 0.0000 0.0000 0.0000 0.0000
40 23.9000 1.8947 0.0000 0.0000 0.0000 0.0000
41 23.8500 1.8241 0.0000 0.0000 0.0000 0.0000
42 23.7500 1.8675 0.0000 0.0000 0.0000 0.0000
43 23.7000 1.8466 0.0000 0.0000 0.0000 0.0000
44 23.8500 1.9307 0.0000 0.0000 0.0000 0.0000
45 23.9000 1.9209 0.0000 0.0000 0.0000 0.0000
46 23.7500 1.8675 0.0000 0.0000 0.0000 0.0000
47 23.7500 1.9462 0.0000 0.0000 0.0000 0.0000
48 23.7500 2.0218 0.0000 0.0000 0.0000 0.0000
49 23.8000 1.9900 0.0000 0.0000 0.0000 0.0000
50 23.9000 1.8947 0.0000 0.0000 0.0000 0.0000
51 23.5500 1.7457 0.0000 0.0000 0.0000 0.0000
52 23.5500 1.7741 0.0000 0.0000 0.0000 0.0000
53 23.2000 1.5684 0.0000 0.0000 0.0000 0.0000
54 23.2000 1.4353 0.0000 0.0000 0.0000 0.0000
55 23.1500 1.4586 0.0000 0.0000 0.0000 0.0000
56 23.2000 1.4353 0.0000 0.0000 0.0000 0.0000
57 23.5000 1.4663 0.0000 0.0000 0.0000 0.0000
58 23.6500 1.6515 0.0000 0.0000 0.0000 0.0000
59 23.7000 1.6763 0.0000 0.0000 0.0000 0.0000
60 23.9500 1.9098 0.0000 0.0000 0.0000 0.0000
61 23.9000 1.8947 0.0000 0.0000 0.0000 0.0000
62 23.9500 1.8835 0.0000 0.0000 0.0000 0.0000
63 23.9500 1.9098 0.0000 0.0000 0.0000 0.0000
64 23.8500 1.7685 0.0000 0.0000 0.0000 0.0000
65 23.8500 1.7685 0.0000 0.0000 0.0000 0.0000
66 23.4500 1.7168 0.0000 0.0000 0.0000 0.0000
67 23.5000 1.6583 0.0000 0.0000 0.0000 0.0000
68 23.6000 1.6852 0.0000 0.0000 0.0000 0.0000
69 23.6000 1.6852 0.0000 0.0000 0.0000 0.0000
70 23.6000 1.8547 0.0000 0.0000 0.0000 0.0000
71 23.6500 1.8514 0.0000 0.0000 0.0000 0.0000
72 23.6500 1.8241 0.0000 0.0000 0.0000 0.0000
73 23.5500 1.9615 0.0000 0.0000 0.0000 0.0000
74 23.5000 1.9105 0.0000 0.0000 0.0000 0.0000
75 23.5000 1.9105 0.0000 0.0000 0.0000 0.0000
76 23.5000 1.9365 0.0000 0.0000 0.0000 0.0000
77 23.6000 1.9079 0.0000 0.0000 0.0000 0.0000
78 23.5500 1.9615 0.0000 0.0000 0.0000 0.0000
79 23.7000 1.7635 0.0000 0.0000 0.0000 0.0000
80 23.7500 1.8405 0.0000 0.0000 0.0000 0.0000
81 23.7000 1.9000 0.0000 0.0000 0.0000 0.0000
82 23.5500 1.9098 0.0000 0.0000 0.0000 0.0000
83 23.7500 1.8941 0.0000 0.0000 0.0000 0.0000
84 23.7500 1.8941 0.0000 0.0000 0.0000 0.0000
85 23.8500 1.6515 0.0000 0.0000 0.0000 0.0000
86 23.8000 1.6912 0.0000 0.0000 0.0000 0.0000
87 23.7500 1.7571 0.0000 0.0000 0.0000 0.0000
88 23.7500 1.6696 0.0000 0.0000 0.0000 0.0000
89 23.7500 1.6696 0.0000 0.0000 0.0000 0.0000
90 23.7500 1.6696 0.0000 0.0000 0.0000 0.0000
91 23.6000 1.5297 0.0000 0.0000 0.0000 0.0000
92 23.6500 1.4586 0.0000 0.0000 0.0000 0.0000
93 23.5500 1.4309 0.0000 0.0000 0.0000 0.0000
94 23.4500 1.5322 0.0000 0.0000 0.0000 0.0000
95 23.0500 1.0712 0.0000 0.0000 0.0000 0.0000
96 23.1000 1.0440 0.0000 0.0000 0.0000 0.0000
97 23.1000 1.0440 0.0000 0.0000 0.0000 0.0000
98 23.1000 1.0440 0.0000 0.0000 0.0000 0.0000
99 23.1500 1.0137 0.0000 0.0000 0.0000 0.0000
100 23.0500 0.9734 0.0000 0.0000 0.0000 0.0000
