% Run, Mean Detected Norms, Std Dev Mean Detected Norms, Mean Precision, Std Dev Precision, Mean Recall, Std Dev Recall
1 6.4000 2.5377 70.0000 45.8258 10.6294 9.8722
2 7.9500 3.6259 30.0000 45.8258 4.4835 7.1895
3 10.4500 2.7290 35.0000 47.6970 6.6597 10.6032
4 11.6000 3.2619 20.0000 40.0000 5.8994 11.9337
5 13.5000 3.7881 15.0000 35.7071 1.5989 3.9505
6 13.9000 4.3920 15.0000 35.7071 3.5226 9.0508
7 12.6000 4.7791 20.0000 40.0000 3.9200 10.0561
8 12.8000 5.1536 15.0000 35.7071 4.6667 11.5662
9 13.1500 5.3130 20.0000 40.0000 2.9470 6.8083
10 13.2000 3.5299 15.0000 35.7071 2.8571 8.9100
11 13.2000 4.3197 10.0000 30.0000 2.2500 6.7961
12 14.7000 4.1122 10.0000 30.0000 1.0714 3.4069
13 14.8500 4.2811 5.0000 21.7945 0.8333 3.6324
14 15.4500 4.6848 0.0000 0.0000 0.0000 0.0000
15 15.7500 4.4931 0.0000 0.0000 0.0000 0.0000
16 16.3500 4.5747 0.0000 0.0000 0.0000 0.0000
17 16.4500 4.3183 0.0000 0.0000 0.0000 0.0000
18 16.3500 4.5307 0.0000 0.0000 0.0000 0.0000
19 16.6500 4.4975 0.0000 0.0000 0.0000 0.0000
20 17.0500 4.4213 0.0000 0.0000 0.0000 0.0000
21 17.4000 4.5978 0.0000 0.0000 0.0000 0.0000
22 17.1000 4.7843 0.0000 0.0000 0.0000 0.0000
23 16.2000 5.7845 3.0000 13.0767 5.0000 21.7945
24 16.6500 5.0326 0.0000 0.0000 0.0000 0.0000
25 16.9500 4.6311 5.0000 21.7945 1.1538 5.0295
26 16.9500 4.8008 5.0000 21.7945 1.1538 5.0295
27 16.9500 4.4099 5.0000 21.7945 0.3846 1.6765
28 17.4000 4.0175 5.0000 21.7945 0.5556 2.4216
29 18.2500 4.3804 5.0000 21.7945 0.4167 1.8162
30 19.1000 3.8717 0.0000 0.0000 0.0000 0.0000
31 19.6500 3.6232 0.0000 0.0000 0.0000 0.0000
32 19.8500 3.6915 0.0000 0.0000 0.0000 0.0000
33 19.3500 3.1666 0.0000 0.0000 0.0000 0.0000
34 19.6000 3.5553 0.0000 0.0000 0.0000 0.0000
35 19.4000 3.5270 0.0000 0.0000 0.0000 0.0000
36 18.9000 3.1289 0.0000 0.0000 0.0000 0.0000
37 18.9000 3.1289 0.0000 0.0000 0.0000 0.0000
38 18.9000 3.1289 0.0000 0.0000 0.0000 0.0000
39 19.3000 3.3630 0.0000 0.0000 0.0000 0.0000
40 19.3000 3.3630 0.0000 0.0000 0.0000 0.0000
41 19.3000 3.3630 0.0000 0.0000 0.0000 0.0000
42 19.4000 3.3526 0.0000 0.0000 0.0000 0.0000
43 19.2000 3.3106 0.0000 0.0000 0.0000 0.0000
44 19.2000 3.3106 0.0000 0.0000 0.0000 0.0000
45 19.6500 2.8509 0.0000 0.0000 0.0000 0.0000
46 19.7000 2.8125 0.0000 0.0000 0.0000 0.0000
47 19.9500 2.3974 0.0000 0.0000 0.0000 0.0000
48 20.0500 2.3553 0.0000 0.0000 0.0000 0.0000
49 20.0000 2.5884 0.0000 0.0000 0.0000 0.0000
50 20.2000 2.5807 0.0000 0.0000 0.0000 0.0000
51 20.1000 2.5475 0.0000 0.0000 0.0000 0.0000
52 19.8000 2.5807 0.0000 0.0000 0.0000 0.0000
53 19.4000 2.1772 0.0000 0.0000 0.0000 0.0000
54 19.3500 2.2198 0.0000 0.0000 0.0000 0.0000
55 19.3500 2.2198 0.0000 0.0000 0.0000 0.0000
56 19.3500 2.2198 0.0000 0.0000 0.0000 0.0000
57 19.3500 2.2198 0.0000 0.0000 0.0000 0.0000
58 19.4500 2.1558 0.0000 0.0000 0.0000 0.0000
59 19.2500 2.0946 0.0000 0.0000 0.0000 0.0000
60 19.1500 2.0069 0.0000 0.0000 0.0000 0.0000
61 19.1500 2.0069 0.0000 0.0000 0.0000 0.0000
62 18.7500 1.2600 0.0000 0.0000 0.0000 0.0000
63 18.7500 1.2600 0.0000 0.0000 0.0000 0.0000
64 18.9500 1.4309 0.0000 0.0000 0.0000 0.0000
65 19.1000 1.5460 0.0000 0.0000 0.0000 0.0000
66 19.3000 2.0761 0.0000 0.0000 0.0000 0.0000
67 19.1500 1.9564 0.0000 0.0000 0.0000 0.0000
68 19.1500 1.9564 0.0000 0.0000 0.0000 0.0000
69 19.1500 1.9564 0.0000 0.0000 0.0000 0.0000
70 19.1000 1.9723 0.0000 0.0000 0.0000 0.0000
71 19.1000 1.9723 0.0000 0.0000 0.0000 0.0000
72 19.3000 2.0518 0.0000 0.0000 0.0000 0.0000
73 19.3000 2.0518 0.0000 0.0000 0.0000 0.0000
74 19.3000 2.0518 0.0000 0.0000 0.0000 0.0000
75 19.3000 2.0518 0.0000 0.0000 0.0000 0.0000
76 19.1000 2.0224 0.0000 0.0000 0.0000 0.0000
77 19.2000 2.0149 0.0000 0.0000 0.0000 0.0000
78 19.1000 2.1656 0.0000 0.0000 0.0000 0.0000
79 19.1000 2.1656 0.0000 0.0000 0.0000 0.0000
80 19.1000 2.1656 0.0000 0.0000 0.0000 0.0000
81 19.2000 2.1587 0.0000 0.0000 0.0000 0.0000
82 19.4000 2.2226 0.0000 0.0000 0.0000 0.0000
83 19.4000 2.2226 0.0000 0.0000 0.0000 0.0000
84 19.0000 1.6432 0.0000 0.0000 0.0000 0.0000
85 19.2000 1.9131 0.0000 0.0000 0.0000 0.0000
86 19.0000 1.8166 0.0000 0.0000 0.0000 0.0000
87 18.9000 1.8138 0.0000 0.0000 0.0000 0.0000
88 18.9000 1.8138 0.0000 0.0000 0.0000 0.0000
89 18.9000 1.8138 0.0000 0.0000 0.0000 0.0000
90 18.9000 1.8138 0.0000 0.0000 0.0000 0.0000
91 18.6500 1.7400 0.0000 0.0000 0.0000 0.0000
92 18.6500 1.7400 0.0000 0.0000 0.0000 0.0000
93 18.6500 1.7400 0.0000 0.0000 0.0000 0.0000
94 18.6500 1.7400 0.0000 0.0000 0.0000 0.0000
95 18.6500 1.7400 0.0000 0.0000 0.0000 0.0000
96 18.4500 1.5644 0.0000 0.0000 0.0000 0.0000
97 18.4500 1.5644 0.0000 0.0000 0.0000 0.0000
98 18.4500 1.5644 0.0000 0.0000 0.0000 0.0000
99 18.4500 1.5644 0.0000 0.0000 0.0000 0.0000
100 18.4500 1.5644 0.0000 0.0000 0.0000 0.0000
