% Run, Mean Detected Norms, Std Dev Mean Detected Norms, Mean Precision, Std Dev Precision, Mean Recall, Std Dev Recall
1 7.9000 2.1424 60.0000 48.9898 9.5611 9.6029
2 8.3000 2.0273 40.0000 48.9898 6.9084 9.1324
3 9.7000 3.1161 50.0000 50.0000 8.6859 10.1463
4 10.6500 3.3057 35.0000 47.6970 5.3660 8.5139
5 10.5500 2.9745 25.0000 43.3013 3.1687 5.8839
6 9.4000 2.7459 25.0000 43.3013 5.2242 10.2254
7 8.8500 2.5744 40.0000 48.9898 5.0464 7.2104
8 8.4000 2.4779 35.0000 47.6970 4.8129 7.1076
9 8.2000 2.4207 55.0000 49.7494 7.0404 7.3746
10 8.2000 2.4207 50.0000 50.0000 9.4036 11.0715
11 8.1000 2.4269 15.0000 35.7071 1.7238 4.2421
12 8.1000 2.4269 50.0000 50.0000 5.2056 5.7764
13 8.1000 2.4269 55.0000 49.7494 8.7506 9.4087
14 7.3500 1.1522 30.0000 45.8258 4.1142 6.7728
15 7.3500 1.1522 55.0000 49.7494 6.4465 6.2886
16 7.3500 1.1522 70.0000 45.8258 9.6986 9.8261
17 7.3500 1.1522 50.0000 50.0000 7.1248 10.0119
18 7.3500 1.1522 55.0000 49.7494 7.7861 8.5466
19 7.3500 1.1522 55.0000 49.7494 8.4133 9.7174
20 7.9500 2.2907 45.0000 49.7494 5.2282 6.4720
21 7.9500 2.2907 65.0000 47.6970 10.3251 11.6832
22 7.6000 1.8276 55.0000 49.7494 6.2371 6.0579
23 7.6000 1.8276 45.0000 49.7494 5.7243 8.6995
24 7.6000 1.8276 45.0000 49.7494 5.3514 7.4188
25 7.6000 1.8276 65.0000 47.6970 9.3132 8.2301
26 7.6000 1.8276 45.0000 49.7494 5.3039 6.4967
27 7.6000 1.8276 35.0000 47.6970 4.9957 7.4229
28 7.6000 1.8276 50.0000 50.0000 5.2478 5.4463
29 7.2500 1.0897 60.0000 48.9898 9.0356 9.5241
30 7.2500 1.0897 60.0000 48.9898 7.5227 6.7988
31 7.2500 1.0897 40.0000 48.9898 4.3041 5.6795
32 7.2500 1.0897 45.0000 49.7494 6.5329 8.0319
33 7.2500 1.0897 55.0000 49.7494 5.6162 5.4437
34 7.2500 1.0897 60.0000 48.9898 10.7744 11.3788
35 7.2500 1.0897 65.0000 47.6970 8.2362 7.4046
36 7.2500 1.0897 80.0000 40.0000 10.3489 7.3900
37 7.2500 1.0897 50.0000 50.0000 6.5320 7.0855
38 7.2500 1.0897 45.0000 49.7494 6.1841 7.6141
39 7.2500 1.0897 60.0000 48.9898 7.9045 7.2503
40 7.2500 1.0897 45.0000 49.7494 5.3702 6.8273
41 7.2500 1.0897 55.0000 49.7494 5.6754 5.6580
42 7.2500 1.0897 35.0000 47.6970 4.6627 7.4011
43 7.2500 1.0897 50.0000 50.0000 5.5688 6.0414
44 7.2500 1.0897 55.0000 49.7494 5.7256 5.8664
45 7.2500 1.0897 75.0000 43.3013 8.4870 5.9490
46 7.2500 1.0897 55.0000 49.7494 7.5958 8.3621
47 7.2500 1.0897 50.0000 50.0000 5.8640 6.5079
48 7.2500 1.0897 50.0000 50.0000 5.7500 6.2142
49 7.2500 1.0897 45.0000 49.7494 6.1901 7.7958
50 7.2500 1.0897 65.0000 47.6970 9.2045 7.6992
51 7.2500 1.0897 75.0000 43.3013 10.2220 7.5990
52 7.2500 1.0897 50.0000 50.0000 6.8355 8.4491
53 7.2500 1.0897 65.0000 47.6970 9.7743 8.2550
54 7.2500 1.0897 60.0000 48.9898 7.7504 7.3491
55 7.2500 1.0897 70.0000 45.8258 9.6953 7.8226
56 7.2500 1.0897 60.0000 48.9898 8.5459 9.1340
57 7.2500 1.0897 55.0000 49.7494 6.1921 6.5796
58 7.2500 1.0897 70.0000 45.8258 10.3337 8.8797
59 7.2500 1.0897 65.0000 47.6970 9.2959 9.2505
60 7.2500 1.0897 50.0000 50.0000 6.5651 8.1468
61 7.2500 1.0897 70.0000 45.8258 9.8111 7.6253
62 7.2500 1.0897 55.0000 49.7494 7.9743 8.4089
63 7.2500 1.0897 50.0000 50.0000 6.4673 7.4115
64 7.2500 1.0897 55.0000 49.7494 6.0839 6.1231
65 7.2500 1.0897 55.0000 49.7494 7.5364 8.1720
66 7.2500 1.0897 70.0000 45.8258 8.5329 7.7953
67 7.2500 1.0897 45.0000 49.7494 5.9053 7.5796
68 7.2500 1.0897 55.0000 49.7494 6.8309 8.1402
69 7.2500 1.0897 65.0000 47.6970 7.4833 6.6095
70 7.2500 1.0897 60.0000 48.9898 9.9078 10.7927
71 7.2500 1.0897 55.0000 49.7494 8.2486 8.0946
72 7.2500 1.0897 45.0000 49.7494 5.8662 7.5619
73 7.2500 1.0897 60.0000 48.9898 8.6692 8.1715
74 7.2500 1.0897 45.0000 49.7494 5.3358 6.7057
75 7.2500 1.0897 40.0000 48.9898 4.7738 6.3751
76 7.2500 1.0897 55.0000 49.7494 8.0581 8.3372
77 7.2500 1.0897 65.0000 47.6970 7.7883 6.8167
78 7.8500 2.7798 50.0000 50.0000 7.3700 8.5602
79 7.8500 2.7798 60.0000 48.9898 9.8775 9.9598
80 7.8500 2.7798 45.0000 49.7494 6.2919 7.9221
81 7.8500 2.7798 55.0000 49.7494 8.8992 11.8887
82 7.8500 2.7798 75.0000 43.3013 10.3175 9.2814
83 7.8500 2.7798 55.0000 49.7494 8.2579 8.8690
84 7.8500 2.7798 60.0000 48.9898 8.8905 8.4730
85 7.8500 2.7798 70.0000 45.8258 8.0634 5.9266
86 7.8500 2.7798 50.0000 50.0000 6.8508 8.1185
87 7.8500 2.7798 45.0000 49.7494 4.3488 5.1967
88 7.8500 2.7798 55.0000 49.7494 7.1441 8.3207
89 7.8500 2.7798 55.0000 49.7494 7.0495 8.2696
90 7.8500 2.7798 40.0000 48.9898 7.1075 11.1434
91 7.8500 2.7798 55.0000 49.7494 7.2531 7.7522
92 7.8500 2.7798 50.0000 50.0000 6.2763 8.2182
93 7.8500 2.7798 50.0000 50.0000 8.1832 9.8338
94 7.8500 2.7798 25.0000 43.3013 3.4201 6.4943
95 7.8500 2.7798 80.0000 40.0000 10.1787 8.4067
96 7.8500 2.7798 65.0000 47.6970 8.5037 7.2724
97 7.8500 2.7798 25.0000 43.3013 3.2222 5.9066
98 7.8500 2.7798 60.0000 48.9898 8.4128 8.4518
99 7.8500 2.7798 35.0000 47.6970 4.9364 8.2395
100 7.8500 2.7798 45.0000 49.7494 7.4493 10.1294
101 7.8500 2.7798 55.0000 49.7494 5.8941 6.8897
102 7.8500 2.7798 50.0000 50.0000 6.5164 7.8143
103 8.4500 3.6807 40.0000 48.9898 3.5816 4.4127
104 8.4500 3.6807 40.0000 48.9898 6.5682 9.5591
105 8.4500 3.6807 55.0000 49.7494 6.9457 7.1087
106 8.4500 3.6807 25.0000 43.3013 3.3472 6.0412
107 8.4500 3.6807 55.0000 49.7494 7.7410 8.5965
108 8.4500 3.6807 40.0000 48.9898 5.9528 8.8638
109 8.4500 3.6807 50.0000 50.0000 6.3764 8.4757
110 8.4500 3.6807 55.0000 49.7494 6.0701 5.8995
111 8.4500 3.6807 55.0000 49.7494 9.4092 10.3644
112 8.4500 3.6807 75.0000 43.3013 8.4598 5.7121
113 9.0500 4.3183 50.0000 50.0000 5.6960 6.5000
114 9.0500 4.3183 40.0000 48.9898 4.7028 6.7810
115 9.0500 4.3183 45.0000 49.7494 6.2863 7.8965
116 9.0500 4.3183 60.0000 48.9898 9.1084 10.4473
117 9.0500 4.3183 40.0000 48.9898 4.5587 6.1303
118 9.0500 4.3183 35.0000 47.6970 5.8221 9.2459
119 9.0500 4.3183 40.0000 48.9898 5.6270 7.5144
120 9.0500 4.3183 60.0000 48.9898 9.1061 8.2409
121 9.0500 4.3183 45.0000 49.7494 5.5130 7.1502
122 9.6500 4.7987 40.0000 48.9898 5.6829 7.6180
123 9.9000 4.7843 30.0000 45.8258 3.5230 5.9298
124 9.9000 4.7843 15.0000 35.7071 1.8803 4.5436
125 9.9000 4.7843 35.0000 47.6970 4.1567 6.8245
126 9.9000 4.7843 60.0000 48.9898 7.3862 7.5704
127 9.9000 4.7843 40.0000 48.9898 5.8382 9.1182
128 9.9000 4.7843 25.0000 43.3013 2.2380 3.9897
129 9.9000 4.7843 45.0000 49.7494 6.2142 7.6582
130 9.9000 4.7843 20.0000 40.0000 3.7142 9.1438
131 9.9000 4.7843 45.0000 49.7494 6.0817 7.5362
132 9.9000 4.7843 50.0000 50.0000 8.1953 8.9151
133 9.9000 4.7843 65.0000 47.6970 8.2785 8.1382
134 9.9000 4.7843 45.0000 49.7494 8.3214 11.1540
135 9.9000 4.7843 20.0000 40.0000 1.9225 3.9694
136 9.9000 4.7843 50.0000 50.0000 5.8524 6.7058
137 9.9000 4.7843 40.0000 48.9898 5.1688 6.9416
138 9.9000 4.7843 50.0000 50.0000 5.7307 6.4461
139 9.9000 4.7843 40.0000 48.9898 5.6554 7.4655
140 9.9000 4.7843 50.0000 50.0000 5.0120 5.1599
141 9.9000 4.7843 40.0000 48.9898 5.3788 7.2978
142 9.9000 4.7843 25.0000 43.3013 3.5374 6.8133
143 9.9000 4.7843 50.0000 50.0000 7.9449 10.0596
144 9.9000 4.7843 40.0000 48.9898 6.9132 10.9395
145 9.9000 4.7843 30.0000 45.8258 3.4850 5.9823
146 9.9000 4.7843 40.0000 48.9898 5.0903 7.1810
147 9.9000 4.7843 50.0000 50.0000 8.0334 9.2615
148 9.9000 4.7843 40.0000 48.9898 5.1192 7.7798
149 9.9000 4.7843 35.0000 47.6970 4.3071 6.7473
150 9.9000 4.7843 40.0000 48.9898 6.3408 9.3865
