% Run, Mean Detected Norms, Std Dev Mean Detected Norms, Mean Precision, Std Dev Precision, Mean Recall, Std Dev Recall
1 18.0000 0.0000 48.6851 37.4845 34.8990 32.4116
2 18.0000 0.0000 56.8401 16.8449 76.4512 29.4759
3 18.0000 0.0000 57.7193 12.0526 88.2462 14.3775
4 18.0000 0.0000 54.9287 16.6468 86.0678 14.8028
5 18.0000 0.0000 60.0264 13.5624 89.5103 14.2096
6 18.0000 0.0000 58.7853 7.9654 89.9117 10.2326
7 18.0000 0.0000 61.0746 12.5493 88.1175 11.7772
8 18.0000 0.0000 64.6051 12.3445 90.0524 9.4175
9 18.0000 0.0000 58.2845 12.4501 87.4781 16.2444
10 18.0000 0.0000 57.7537 16.5967 85.7836 13.1119
11 18.0000 0.0000 55.8689 13.5205 88.3852 18.0046
12 18.0000 0.0000 56.0393 9.5181 94.2555 5.6639
13 18.0000 0.0000 57.1555 14.1320 91.2962 12.2040
14 18.0000 0.0000 50.5916 12.4531 90.6823 11.3956
15 18.0000 0.0000 54.2266 14.2205 93.5491 10.9299
16 18.0000 0.0000 59.8298 10.5678 94.3206 7.2912
17 18.0000 0.0000 55.5461 8.4276 92.4888 7.5147
18 17.9500 0.2179 57.3183 8.9431 95.0873 6.6567
19 17.9500 0.2179 57.0323 9.3794 92.3705 9.2326
20 17.9500 0.2179 54.2431 10.7265 93.3814 9.8087
21 18.0000 0.0000 56.9348 8.1331 94.2789 7.2189
22 18.0000 0.0000 52.2655 12.9292 94.6584 7.1461
23 18.0000 0.0000 54.6188 11.9951 95.4931 6.2939
24 18.0000 0.0000 60.1790 9.6158 93.9543 9.1227
25 18.0000 0.0000 57.3248 10.8905 95.8766 6.6881
26 18.0000 0.0000 57.5856 11.2994 95.5118 6.5899
27 18.0000 0.0000 57.1186 9.6050 97.9920 5.0655
28 18.0000 0.0000 60.6282 11.5177 95.8047 8.5074
29 18.0000 0.0000 59.1579 12.6652 96.1094 6.4578
30 18.0000 0.0000 54.7585 10.2271 97.9145 4.2964
31 18.0000 0.0000 55.2858 20.5354 94.5903 13.5046
32 18.0000 0.0000 51.5546 12.4650 94.9423 9.6796
33 18.0000 0.0000 57.7238 13.5962 96.6163 6.4820
34 18.0000 0.0000 53.5238 12.9121 99.4444 2.4216
35 18.0000 0.0000 58.8789 11.1944 97.1678 9.0814
36 18.0000 0.0000 59.5720 13.9672 98.0804 4.2638
37 18.0000 0.0000 57.7054 12.6911 98.4524 4.6581
38 18.0000 0.0000 55.8237 9.2426 97.1023 5.3237
39 18.0000 0.0000 55.9608 10.8866 97.9798 5.3735
40 18.0000 0.0000 55.8241 14.5997 98.3929 4.1628
41 18.0000 0.0000 56.5522 9.6104 97.5649 6.1393
42 18.0000 0.0000 55.3779 10.6239 98.5043 5.0411
43 18.0000 0.0000 58.5994 10.9087 98.3690 4.0020
44 18.0000 0.0000 56.7961 13.0685 98.2639 4.1405
45 18.0000 0.0000 56.5027 12.2553 99.1154 2.6788
46 18.0000 0.0000 57.3949 12.3236 99.6429 1.5567
47 18.0000 0.0000 50.8559 9.6934 96.9444 7.8636
48 18.0000 0.0000 53.4265 13.9605 99.3542 1.9386
49 18.0000 0.0000 58.0881 15.1724 99.0909 3.9626
50 18.0000 0.0000 56.3571 11.0290 99.6429 1.5567
51 18.0000 0.0000 57.3333 11.1521 99.0909 3.9626
52 18.0000 0.0000 56.6617 11.0623 99.2857 3.1135
53 18.0000 0.0000 54.0389 11.6118 99.5455 1.9813
54 18.0000 0.0000 51.1121 10.4540 100.0000 0.0000
55 18.0000 0.0000 54.1626 8.2085 99.5000 2.1794
56 18.0000 0.0000 58.9936 10.1299 100.0000 0.0000
57 18.0000 0.0000 61.2807 10.7066 100.0000 0.0000
58 18.0000 0.0000 53.2652 9.8659 99.4444 2.4216
59 18.0000 0.0000 56.0002 11.9762 100.0000 0.0000
60 18.0000 0.0000 55.9700 14.3751 99.5455 1.9813
61 18.0000 0.0000 56.4190 9.5336 100.0000 0.0000
62 18.0000 0.0000 57.4284 11.7300 99.5000 2.1794
63 18.0000 0.0000 56.8084 7.6055 100.0000 0.0000
64 18.0000 0.0000 54.2383 11.8092 99.3750 2.7243
65 18.0000 0.0000 60.0526 10.3821 99.6154 1.6765
66 18.0000 0.0000 55.1731 12.8477 98.9583 3.1937
67 18.0000 0.0000 55.1645 10.5313 98.8462 5.0295
68 18.0000 0.0000 56.2734 12.4623 99.1987 2.4060
69 18.0000 0.0000 56.0077 11.9829 99.2857 3.1135
70 18.0000 0.0000 57.1272 12.1269 100.0000 0.0000
71 18.0000 0.0000 51.7570 13.6995 98.8462 5.0295
72 18.0000 0.0000 56.2926 12.0401 99.2582 2.2270
73 18.0000 0.0000 58.1886 14.3139 99.2857 3.1135
74 18.0000 0.0000 56.2999 8.2672 100.0000 0.0000
75 18.0000 0.0000 54.8239 10.5335 100.0000 0.0000
76 18.0000 0.0000 55.4737 13.2975 100.0000 0.0000
77 18.0000 0.0000 52.5249 10.2611 100.0000 0.0000
78 18.0000 0.0000 56.7887 10.1609 100.0000 0.0000
79 18.0000 0.0000 52.0884 15.7143 100.0000 0.0000
80 18.0000 0.0000 52.7982 14.8204 100.0000 0.0000
81 18.0000 0.0000 54.3225 12.4677 99.5833 1.8162
82 18.0000 0.0000 55.5786 11.0535 100.0000 0.0000
83 18.0000 0.0000 50.6418 8.9295 100.0000 0.0000
84 18.0000 0.0000 55.6286 10.1703 100.0000 0.0000
85 18.0000 0.0000 55.6235 12.2107 100.0000 0.0000
86 18.0000 0.0000 58.3203 9.7511 100.0000 0.0000
87 18.0000 0.0000 52.9150 12.5386 100.0000 0.0000
88 18.0000 0.0000 60.7255 11.3027 99.5455 1.9813
89 18.0000 0.0000 49.7131 11.9816 100.0000 0.0000
90 18.0000 0.0000 52.5119 13.6398 100.0000 0.0000
91 18.0000 0.0000 58.1688 9.9104 100.0000 0.0000
92 18.0000 0.0000 55.0794 8.6329 99.5000 2.1794
93 18.0000 0.0000 53.8626 11.9389 100.0000 0.0000
94 18.0000 0.0000 51.7533 10.5688 100.0000 0.0000
95 18.0000 0.0000 56.9303 10.8424 100.0000 0.0000
96 18.0000 0.0000 52.3920 9.5039 100.0000 0.0000
97 18.0000 0.0000 54.5636 10.6767 100.0000 0.0000
98 18.0000 0.0000 56.0428 10.1073 100.0000 0.0000
99 18.0000 0.0000 54.0991 8.5049 100.0000 0.0000
100 18.0000 0.0000 54.4474 9.8867 100.0000 0.0000
