% Run, Mean Detected Norms, Std Dev Mean Detected Norms, Mean Precision, Std Dev Precision, Mean Recall, Std Dev Recall
1 30.0000 0.0000 60.0000 48.9898 11.4351 10.4676
2 27.4000 1.7146 70.0000 45.8258 9.9880 9.0016
3 27.8000 1.7205 15.0000 35.7071 2.1667 5.9184
4 28.2500 1.7854 0.0000 0.0000 0.0000 0.0000
5 28.2500 1.8405 0.0000 0.0000 0.0000 0.0000
6 27.9500 2.1325 0.0000 0.0000 0.0000 0.0000
7 28.0500 1.9098 0.0000 0.0000 0.0000 0.0000
8 27.9000 2.0712 0.0000 0.0000 0.0000 0.0000
9 28.0000 2.2136 0.0000 0.0000 0.0000 0.0000
10 27.9500 1.8567 0.0000 0.0000 0.0000 0.0000
11 27.9500 1.9868 0.0000 0.0000 0.0000 0.0000
12 27.2500 2.5860 0.0000 0.0000 0.0000 0.0000
13 27.5000 2.3558 0.0000 0.0000 0.0000 0.0000
14 28.1000 2.2782 0.0000 0.0000 0.0000 0.0000
15 27.5000 2.7111 0.0000 0.0000 0.0000 0.0000
16 27.0500 2.8368 0.0000 0.0000 0.0000 0.0000
17 27.4000 2.5962 0.0000 0.0000 0.0000 0.0000
18 27.4500 2.3764 0.0000 0.0000 0.0000 0.0000
19 27.1500 2.4955 0.0000 0.0000 0.0000 0.0000
20 27.0000 2.3875 0.0000 0.0000 0.0000 0.0000
21 26.5500 2.3764 0.0000 0.0000 0.0000 0.0000
22 26.5000 2.5788 0.0000 0.0000 0.0000 0.0000
23 26.3500 2.5353 0.0000 0.0000 0.0000 0.0000
24 26.4000 2.4166 0.0000 0.0000 0.0000 0.0000
25 25.5000 2.5000 0.0000 0.0000 0.0000 0.0000
26 25.5000 2.3770 0.0000 0.0000 0.0000 0.0000
27 25.4500 2.6358 0.0000 0.0000 0.0000 0.0000
28 25.5000 2.3770 0.0000 0.0000 0.0000 0.0000
29 25.1500 2.3511 0.0000 0.0000 0.0000 0.0000
30 25.2000 2.3367 0.0000 0.0000 0.0000 0.0000
31 25.1000 2.1656 0.0000 0.0000 0.0000 0.0000
32 24.7000 2.0518 0.0000 0.0000 0.0000 0.0000
33 24.6500 2.0803 0.0000 0.0000 0.0000 0.0000
34 24.5500 1.9868 0.0000 0.0000 0.0000 0.0000
35 24.7000 2.0025 0.0000 0.0000 0.0000 0.0000
36 24.7000 2.0518 0.0000 0.0000 0.0000 0.0000
37 24.6500 2.1512 0.0000 0.0000 0.0000 0.0000
38 24.4000 2.1772 0.0000 0.0000 0.0000 0.0000
39 24.3500 2.0069 0.0000 0.0000 0.0000 0.0000
40 24.4000 1.5297 0.0000 0.0000 0.0000 0.0000
41 24.2000 1.5684 0.0000 0.0000 0.0000 0.0000
42 24.3500 1.5580 0.0000 0.0000 0.0000 0.0000
43 24.2000 1.6912 0.0000 0.0000 0.0000 0.0000
44 24.3000 1.7349 0.0000 0.0000 0.0000 0.0000
45 24.0500 1.5322 0.0000 0.0000 0.0000 0.0000
46 24.1000 1.5780 0.0000 0.0000 0.0000 0.0000
47 24.1500 1.5898 0.0000 0.0000 0.0000 0.0000
48 24.2000 1.6310 0.0000 0.0000 0.0000 0.0000
49 24.2500 1.5772 0.0000 0.0000 0.0000 0.0000
50 24.1500 1.6515 0.0000 0.0000 0.0000 0.0000
51 24.1000 1.6703 0.0000 0.0000 0.0000 0.0000
52 24.1000 1.6703 0.0000 0.0000 0.0000 0.0000
53 24.1000 1.6703 0.0000 0.0000 0.0000 0.0000
54 24.1000 1.6401 0.0000 0.0000 0.0000 0.0000
55 24.2000 1.6310 0.0000 0.0000 0.0000 0.0000
56 24.1500 1.6515 0.0000 0.0000 0.0000 0.0000
57 24.0500 1.7168 0.0000 0.0000 0.0000 0.0000
58 24.0000 1.7889 0.0000 0.0000 0.0000 0.0000
59 23.9500 1.7741 0.0000 0.0000 0.0000 0.0000
60 23.8500 1.8241 0.0000 0.0000 0.0000 0.0000
61 23.8500 1.8241 0.0000 0.0000 0.0000 0.0000
62 24.0000 1.7889 0.0000 0.0000 0.0000 0.0000
63 23.9500 1.8835 0.0000 0.0000 0.0000 0.0000
64 23.9000 1.8138 0.0000 0.0000 0.0000 0.0000
65 23.8000 1.7776 0.0000 0.0000 0.0000 0.0000
66 24.0000 1.7321 0.0000 0.0000 0.0000 0.0000
67 24.0000 1.7321 0.0000 0.0000 0.0000 0.0000
68 24.0000 1.7889 0.0000 0.0000 0.0000 0.0000
69 24.0000 1.7889 0.0000 0.0000 0.0000 0.0000
70 24.0000 1.7889 0.0000 0.0000 0.0000 0.0000
71 23.9500 1.7168 0.0000 0.0000 0.0000 0.0000
72 23.9500 1.7168 0.0000 0.0000 0.0000 0.0000
73 24.0500 1.7168 0.0000 0.0000 0.0000 0.0000
74 24.1000 1.7292 0.0000 0.0000 0.0000 0.0000
75 24.1500 1.7685 0.0000 0.0000 0.0000 0.0000
76 24.1500 1.7685 0.0000 0.0000 0.0000 0.0000
77 24.0500 1.5961 0.0000 0.0000 0.0000 0.0000
78 24.1000 1.6093 0.0000 0.0000 0.0000 0.0000
79 24.0000 1.6432 0.0000 0.0000 0.0000 0.0000
80 24.0000 1.6432 0.0000 0.0000 0.0000 0.0000
81 24.0000 1.7321 0.0000 0.0000 0.0000 0.0000
82 24.0500 1.6875 0.0000 0.0000 0.0000 0.0000
83 24.1000 1.6401 0.0000 0.0000 0.0000 0.0000
84 24.1000 1.6401 0.0000 0.0000 0.0000 0.0000
85 24.1000 1.6401 0.0000 0.0000 0.0000 0.0000
86 24.1000 1.6401 0.0000 0.0000 0.0000 0.0000
87 24.1000 1.6401 0.0000 0.0000 0.0000 0.0000
88 24.1000 1.5460 0.0000 0.0000 0.0000 0.0000
89 24.1000 1.5460 0.0000 0.0000 0.0000 0.0000
90 24.1000 1.5460 0.0000 0.0000 0.0000 0.0000
91 23.9500 1.5322 0.0000 0.0000 0.0000 0.0000
92 23.9500 1.5322 0.0000 0.0000 0.0000 0.0000
93 23.9500 1.5322 0.0000 0.0000 0.0000 0.0000
94 23.9000 1.6093 0.0000 0.0000 0.0000 0.0000
95 23.8000 1.6000 0.0000 0.0000 0.0000 0.0000
96 23.6500 1.4925 0.0000 0.0000 0.0000 0.0000
97 23.6000 1.4283 0.0000 0.0000 0.0000 0.0000
98 23.6000 1.5297 0.0000 0.0000 0.0000 0.0000
99 23.6000 1.5297 0.0000 0.0000 0.0000 0.0000
100 23.5000 1.5330 0.0000 0.0000 0.0000 0.0000
101 23.8000 1.4353 0.0000 0.0000 0.0000 0.0000
102 23.8000 1.4353 0.0000 0.0000 0.0000 0.0000
103 23.6000 1.3928 0.0000 0.0000 0.0000 0.0000
104 23.6500 1.3519 0.0000 0.0000 0.0000 0.0000
105 23.6000 1.2806 0.0000 0.0000 0.0000 0.0000
106 23.6000 1.2806 0.0000 0.0000 0.0000 0.0000
107 23.6500 1.3519 0.0000 0.0000 0.0000 0.0000
108 23.7000 1.3820 0.0000 0.0000 0.0000 0.0000
109 23.7000 1.3820 0.0000 0.0000 0.0000 0.0000
110 23.7000 1.2689 0.0000 0.0000 0.0000 0.0000
111 23.7000 1.2689 0.0000 0.0000 0.0000 0.0000
112 23.6500 1.3143 0.0000 0.0000 0.0000 0.0000
113 23.6500 1.3143 0.0000 0.0000 0.0000 0.0000
114 23.6500 1.3143 0.0000 0.0000 0.0000 0.0000
115 23.6500 1.3143 0.0000 0.0000 0.0000 0.0000
116 23.7000 1.2689 0.0000 0.0000 0.0000 0.0000
117 23.5500 1.3592 0.0000 0.0000 0.0000 0.0000
118 23.5500 1.3592 0.0000 0.0000 0.0000 0.0000
119 23.5500 1.3592 0.0000 0.0000 0.0000 0.0000
120 23.5000 1.3964 0.0000 0.0000 0.0000 0.0000
121 23.4500 1.4309 0.0000 0.0000 0.0000 0.0000
122 23.4500 1.3219 0.0000 0.0000 0.0000 0.0000
123 23.5000 1.3964 0.0000 0.0000 0.0000 0.0000
124 23.6000 1.2806 0.0000 0.0000 0.0000 0.0000
125 23.6000 1.2806 0.0000 0.0000 0.0000 0.0000
126 23.6000 1.2806 0.0000 0.0000 0.0000 0.0000
127 23.6500 1.2359 0.0000 0.0000 0.0000 0.0000
128 23.5500 1.2031 0.0000 0.0000 0.0000 0.0000
129 23.6500 1.2359 0.0000 0.0000 0.0000 0.0000
130 23.5500 1.2031 0.0000 0.0000 0.0000 0.0000
131 23.5500 1.2031 0.0000 0.0000 0.0000 0.0000
132 23.5500 1.2031 0.0000 0.0000 0.0000 0.0000
133 23.6000 1.1576 0.0000 0.0000 0.0000 0.0000
134 23.6000 1.1576 0.0000 0.0000 0.0000 0.0000
135 23.5000 1.2845 0.0000 0.0000 0.0000 0.0000
136 23.5000 1.2845 0.0000 0.0000 0.0000 0.0000
137 23.5500 1.3592 0.0000 0.0000 0.0000 0.0000
138 23.6500 1.3143 0.0000 0.0000 0.0000 0.0000
139 23.6000 1.2410 0.0000 0.0000 0.0000 0.0000
140 23.6000 1.3191 0.0000 0.0000 0.0000 0.0000
141 23.6500 1.2757 0.0000 0.0000 0.0000 0.0000
142 23.6500 1.2757 0.0000 0.0000 0.0000 0.0000
143 23.7000 1.1874 0.0000 0.0000 0.0000 0.0000
144 23.7500 1.2600 0.0000 0.0000 0.0000 0.0000
145 23.7500 1.2600 0.0000 0.0000 0.0000 0.0000
146 23.7000 1.3077 0.0000 0.0000 0.0000 0.0000
147 23.8000 1.2490 0.0000 0.0000 0.0000 0.0000
148 23.7500 1.1347 0.0000 0.0000 0.0000 0.0000
149 23.7500 1.1347 0.0000 0.0000 0.0000 0.0000
150 23.7500 1.1347 0.0000 0.0000 0.0000 0.0000
