% Run, Mean Detected Norms, Std Dev Mean Detected Norms, Mean Precision, Std Dev Precision, Mean Recall, Std Dev Recall
1 6.1000 2.5671 45.0000 49.7494 8.8018 11.0532
2 9.2000 2.5612 45.0000 49.7494 7.1463 9.3305
3 11.6000 3.9166 35.0000 47.6970 6.1958 9.5895
4 11.4500 4.9847 20.0000 40.0000 3.3333 7.8174
5 11.4000 5.0438 5.0000 21.7945 0.3846 1.6765
6 11.5500 4.6741 5.0000 21.7945 0.9091 3.9626
7 10.8500 4.4528 0.0000 0.0000 0.0000 0.0000
8 11.4500 5.0643 0.0000 0.0000 0.0000 0.0000
9 11.7500 4.7631 0.0000 0.0000 0.0000 0.0000
10 12.1500 4.8711 0.0000 0.0000 0.0000 0.0000
11 13.0000 5.3198 0.0000 0.0000 0.0000 0.0000
12 14.7000 6.2217 0.0000 0.0000 0.0000 0.0000
13 15.8500 6.1260 0.0000 0.0000 0.0000 0.0000
14 17.0500 6.3990 0.0000 0.0000 0.0000 0.0000
15 17.2500 6.5489 0.0000 0.0000 0.0000 0.0000
16 17.5500 6.6819 0.0000 0.0000 0.0000 0.0000
17 17.9500 6.8882 0.0000 0.0000 0.0000 0.0000
18 17.3500 6.5443 0.0000 0.0000 0.0000 0.0000
19 17.4500 6.6293 0.0000 0.0000 0.0000 0.0000
20 16.9000 5.6560 0.0000 0.0000 0.0000 0.0000
21 17.6000 5.8344 0.0000 0.0000 0.0000 0.0000
22 17.0000 5.4037 0.0000 0.0000 0.0000 0.0000
23 17.0000 5.4037 0.0000 0.0000 0.0000 0.0000
24 17.1000 4.8156 0.0000 0.0000 0.0000 0.0000
25 17.2000 5.0160 0.0000 0.0000 0.0000 0.0000
26 17.5500 4.8112 0.0000 0.0000 0.0000 0.0000
27 17.7000 3.8743 0.0000 0.0000 0.0000 0.0000
28 18.1000 3.9611 0.0000 0.0000 0.0000 0.0000
29 18.3000 4.0509 0.0000 0.0000 0.0000 0.0000
30 18.5000 4.3186 0.0000 0.0000 0.0000 0.0000
31 18.5000 4.1533 0.0000 0.0000 0.0000 0.0000
32 17.8000 3.5299 0.0000 0.0000 0.0000 0.0000
33 18.3000 3.8743 0.0000 0.0000 0.0000 0.0000
34 17.5000 3.2326 0.0000 0.0000 0.0000 0.0000
35 17.7000 3.4943 0.0000 0.0000 0.0000 0.0000
36 17.5000 3.3541 0.0000 0.0000 0.0000 0.0000
37 17.6500 3.2753 0.0000 0.0000 0.0000 0.0000
38 17.3500 2.6509 0.0000 0.0000 0.0000 0.0000
39 17.5500 2.9065 0.0000 0.0000 0.0000 0.0000
40 17.5500 2.9065 0.0000 0.0000 0.0000 0.0000
41 17.5500 2.9065 0.0000 0.0000 0.0000 0.0000
42 17.4500 2.7834 0.0000 0.0000 0.0000 0.0000
43 17.4500 2.7834 0.0000 0.0000 0.0000 0.0000
44 17.4500 2.7834 0.0000 0.0000 0.0000 0.0000
45 17.4500 2.7834 0.0000 0.0000 0.0000 0.0000
46 17.4500 2.7834 0.0000 0.0000 0.0000 0.0000
47 17.7500 3.0639 0.0000 0.0000 0.0000 0.0000
48 17.6500 3.0212 0.0000 0.0000 0.0000 0.0000
49 17.9500 3.4420 0.0000 0.0000 0.0000 0.0000
50 18.3000 3.2726 0.0000 0.0000 0.0000 0.0000
51 18.3000 3.2726 0.0000 0.0000 0.0000 0.0000
52 18.1000 3.1607 0.0000 0.0000 0.0000 0.0000
53 18.1000 3.1607 0.0000 0.0000 0.0000 0.0000
54 18.1000 3.2848 0.0000 0.0000 0.0000 0.0000
55 17.8000 3.0594 0.0000 0.0000 0.0000 0.0000
56 17.8000 3.0594 0.0000 0.0000 0.0000 0.0000
57 17.8000 3.0594 0.0000 0.0000 0.0000 0.0000
58 17.5000 2.4799 0.0000 0.0000 0.0000 0.0000
59 17.3000 2.2605 0.0000 0.0000 0.0000 0.0000
60 17.5000 2.4799 0.0000 0.0000 0.0000 0.0000
61 17.6000 2.6153 0.0000 0.0000 0.0000 0.0000
62 17.4500 1.9615 0.0000 0.0000 0.0000 0.0000
63 17.9000 1.9209 0.0000 0.0000 0.0000 0.0000
64 17.9000 1.9209 0.0000 0.0000 0.0000 0.0000
65 17.9000 1.9209 0.0000 0.0000 0.0000 0.0000
66 17.9000 1.9209 0.0000 0.0000 0.0000 0.0000
67 17.9000 1.9209 0.0000 0.0000 0.0000 0.0000
68 18.0000 1.9748 0.0000 0.0000 0.0000 0.0000
69 18.2500 1.6086 0.0000 0.0000 0.0000 0.0000
70 18.2500 1.6086 0.0000 0.0000 0.0000 0.0000
71 18.3500 1.7685 0.0000 0.0000 0.0000 0.0000
72 18.0500 1.3592 0.0000 0.0000 0.0000 0.0000
73 18.1500 1.5580 0.0000 0.0000 0.0000 0.0000
74 18.1500 1.5580 0.0000 0.0000 0.0000 0.0000
75 17.9500 1.2835 0.0000 0.0000 0.0000 0.0000
76 18.0500 1.4992 0.0000 0.0000 0.0000 0.0000
77 18.0500 1.4992 0.0000 0.0000 0.0000 0.0000
78 18.0500 1.4992 0.0000 0.0000 0.0000 0.0000
79 18.0500 1.4992 0.0000 0.0000 0.0000 0.0000
80 18.0500 1.4992 0.0000 0.0000 0.0000 0.0000
81 17.9500 1.2835 0.0000 0.0000 0.0000 0.0000
82 18.6000 1.4283 0.0000 0.0000 0.0000 0.0000
83 18.6000 1.4283 0.0000 0.0000 0.0000 0.0000
84 18.2000 0.8718 0.0000 0.0000 0.0000 0.0000
85 18.2000 0.8718 0.0000 0.0000 0.0000 0.0000
86 18.2000 0.8718 0.0000 0.0000 0.0000 0.0000
87 18.2000 0.8718 0.0000 0.0000 0.0000 0.0000
88 18.0000 0.0000 0.0000 0.0000 0.0000 0.0000
89 18.0000 0.0000 0.0000 0.0000 0.0000 0.0000
90 18.1000 0.4359 0.0000 0.0000 0.0000 0.0000
91 18.1000 0.4359 0.0000 0.0000 0.0000 0.0000
92 18.1000 0.4359 0.0000 0.0000 0.0000 0.0000
93 18.1000 0.4359 0.0000 0.0000 0.0000 0.0000
94 18.0000 0.0000 0.0000 0.0000 0.0000 0.0000
95 18.1000 0.4359 0.0000 0.0000 0.0000 0.0000
96 18.1000 0.4359 0.0000 0.0000 0.0000 0.0000
97 18.0000 0.0000 0.0000 0.0000 0.0000 0.0000
98 18.2000 0.8718 0.0000 0.0000 0.0000 0.0000
99 18.2000 0.8718 0.0000 0.0000 0.0000 0.0000
100 18.2000 0.8718 0.0000 0.0000 0.0000 0.0000
